500
0 6258 450 3885 3074 1110 2437 2752 5962 6061 7044 7320 8386 9425 9609
1 1323 6258 8994 1668 88 847 1868 2349 2902 4151 4988 7120 8470 9139
2 5097 450 6258 2962 8994 46 188 1216 1647 3092 4045 4352 4719 4822 7167 8333 8405
3 4541 1323 273 4356 450 6258 3106 935 2962 1465 2060 2927 5742 7296 7579 9965
4 6269 9265 6258 9688 5251 8140 450 5097 6101 1505 1633 2013 2699 4647 4948 6467 8104 8245
5 4558 1323 949 6258 5097 3079 6054 79 732 1668 2175 3926 4252 5448 7361 8293 9807
6 450 6258 6101 4985 4340 6054 979 2962 2028 3905 4350 4628 5979 6281 8776 9800
7 6258 4558 6101 697 993 1571 2339 2600 2897 2983 5333 7575 8116 9518
8 3453 6258 9265 6226 1042 4340 8994 865 1153 1642 3113 3307 3875 5198 5783 8487 8985
9 5155 6258 9007 935 1256 2260 3836 4108 6134 6141 7133 8498 9461 9955
10 1439 1323 7434 949 6258 7713 3074 528 1366 3830 4561 5981 6762 8687 9144
11 6257 1323 4558 5547 9464 6258 7713 7736 979 638 756 2603 4170 6692 6748 7410 7696 9733
12 2486 5509 9688 4362 2818 5359 9265 6258 518 1141 2533 3128 3757 4658 5090 6270 8220
13 1336 3005 450 496 4985 6258 9265 4728 979 2962 210 1105 2019 2613 3103 3665 5211 5411 7355 9368
14 4356 4558 949 6258 7713 3885 6014 9265 935 6101 405 991 1607 2136 3006 6675 7790 9551 9775
15 9688 3079 9265 8722 2818 4362 935 7949 254 560 1343 1430 2182 3427 4907 5451 7732 7782 8233
16 4356 5097 4558 6258 9265 1496 450 6054 1668 2962 79 7 365 1121 2773 3784 3916 4787 7064 9677 9991
17 4486 4558 8841 7210 6258 7285 79 39 2232 5175 6030 6797 8109 9719 9912 9992
18 6258 9688 450 3074 6101 2240 1876 3268 3814 4463 4596 4727 5224 6744 7698 9087 9703
19 5155 4060 246 9265 2962 157 666 798 3944 4520 5060 5885 6795 9758
20 4558 5097 6226 6258 2962 2475 2966 3184 5033 6046 6532 6986 8441
21 9265 246 5097 8841 450 1668 1580 2183 2760 3104 4400 5341 6161 7105 9834
22 8549 4541 8841 4880 3079 7459 4558 6258 6920 1625 1668 935 1305 1762 2711 3552 4528 9444
23 9688 4558 496 1336 6226 4134 7736 523 2240 1668 2002 2595 2771 3602 4916 6280 7919 9160 9293
24 3005 4541 9265 6226 9464 7713 1625 4340 935 2240 2962 673 2383 3048 3961 6236 7521 9032 9337 9982
25 5704 6258 4356 6621 3074 394 499 2790 2884 3584 3798 6503 7864 9533
26 1423 8549 4880 3079 2486 1273 5097 6258 5961 5948 246 9139 6101 745 2962 2855 3728 5190 7643 9311
27 1336 141 6258 4027 1668 2240 139 329 834 3521 3964 5643 7055 7737 8830 9496
28 6258 9199 745 1668 557 784 937 1736 2858 3163 3304 3491 3914 7902 9178 9852
29 1336 3079 9688 6920 5097 6258 9464 847 7413 2962 399 444 759 2422 3463 5925 6438 7979 9957
30 1423 8549 4880 141 5948 3745 1336 6258 3079 450 1625 3612 3699 5875 7099 9233
31 9265 871 1905 3745 4356 6258 6226 3079 6014 6101 2962 462 1515 4020 4893 5438 6458 8259
32 3153 8040 6258 3079 4985 8841 9265 325 1845 3232 3498 4661 5239 5409 8671 8870
33 3005 949 6258 8125 1668 176 494 1721 1841 2608 3393 5802 7285 8396
34 4558 1956 935 1668 2962 133 1799 1869 2392 3077 4056 4501 7333 8908
35 2741 141 5704 1323 3074 552 4765 5866 6075 7883 8920 8970 9581
36 1336 9688 4558 6258 5547 4060 4340 2962 9968 2171 4928 7068 7126 7806 7822 8836 9133
37 3079 4356 6226 6258 4326 2240 2962 857 2327 3870 5006 6184 7744 8562 9777 9822
38 6257 3895 3079 4486 1796 8841 3453 4340 3074 1026 3756 4271 6285 6385 7077 8601
39 6226 4558 6258 1383 1534 6547 660 2074 3261 3958 5862 6216 7266 7304 9299
40 6258 871 4134 5097 6170 6547 4985 3074 2555 2962 1238 1613 1670 3022 3238 4414 5117 9751 9969
41 6258 2340 58 554 1241 2666 2847 6071 7874 8375 9224 9712
42 6258 5704 1423 5097 5961 1181 3557 4326 2962 2240 79 538 2464 3509 5192 6193 7504 9266
43 790 8549 5678 8841 9265 979 2962 131 838 3265 6327 7852 7978 9829
44 6258 4541 4558 10 7474 5948 450 1625 6101 2240 517 1739 2125 3706 4159 5604 6967
45 1668 3012 476 1112 2209 3047 3718 4068 4342 4622 8841 9579
46 3005 1208 9265 3079 1871 9139 6258 6101 7699 2962 332 441 2070 2979 3865 5752 6734 8990 9206
47 1423 4558 296 1208 2586 1796 9688 1905 10 141 6258 3074 2107 2516 6486 7406
48 9688 6258 1181 232 4558 5097 6054 2240 1387 1750 4437 6074 7335 7570 8344 8361
49 3745 7434 4558 6258 1496 8994 2962 1934 2474 3976 4214 4624 5088 5609 6651 8462 9901
50 3745 1208 9265 3079 6258 979 249 3117 6778 6903 8269 8934 9667
51 1956 6258 2962 130 896 1085 1628 2085 2589 5149 6613 7992 9191 9654
52 4356 1336 6258 7296 2240 234 782 1066 2304 6021 6938 6980 7755 9731
53 8549 1423 6258 1336 4985 7434 6101 4326 4107 4308 5767 7699 9050 9563 9671
54 1208 1323 3895 8579 6258 450 3079 949 4558 742 3703 3731 4507 5589 6049 8242 9836
55 4880 366 4541 4039 4356 3453 3079 1871 1383 450 6258 6101 935 2240 321 1555 2480 5111 5801 6622 7855 9865
56 6258 3074 2962 8994 79 397 1246 2444 3125 3561 4180 6545 8883 9480 9565
57 3005 9688 5097 1336 1208 1423 4356 4541 6258 4326 8994 2962 155 1981 5043 5969 7473 9737
58 6258 6257 4929 4486 9265 2962 776 1661 3326 3497 3652 6137 7949
59 6257 8549 4766 4039 9139 847 450 4326 6258 7413 3074 2962 200 2000 4967 6028 6230 7912 8752 9315
60 1423 4558 1336 3079 6258 3074 2240 369 443 456 850 4234 4346 6833 7162 8756
61 6257 9265 871 1423 5097 8841 450 2962 8994 90 1185 1826 3783 5444 9704
62 1423 1208 4880 6859 790 6258 9688 8841 3950 34 1353 7178 8102 8889
63 790 6257 4880 1208 1336 6258 7736 3259 3468 4043 6798 8251 8614
64 4821 1423 6258 745 2962 2611 5507 6608 7026 8484 9114 9710
65 5135 779 9688 3453 6144 1956 3074 1546 4104 5053 6771 7457 8582 9400
66 1423 6258 3557 4880 3453 3885 6920 3074 6101 2240 616 1763 3982 4156 6584 8524 9383
67 8040 6257 1323 949 141 4558 5401 7434 9265 935 1668 2962 340 2204 4909 9290 9633 9697
68 5097 871 4977 496 450 6258 5251 7736 1956 4985 979 2962 1137 2630 2938 5677 6672 8105 8599 9273 9391
69 8040 1181 4880 4558 3453 6258 4985 3074 8994 2962 2485 3195 3753 4517 7085 8134 9169 9238
70 6257 3005 3895 790 935 2240 1183 1457 3894 4367 5349 7173 8363
71 2863 1336 847 585 793 1560 3704 6095 8431 9197 9330
72 1323 6258 7713 3074 76 311 2322 3823 5029 5698 5735 6014 7400 9842
73 5097 3745 1336 1956 3079 6258 6547 8994 683 1081 1352 2184 3781 5543 6671 9594
74 6257 4880 6258 450 9265 1625 164 478 1569 4457 4786 6499 6809 8775 9892
75 6258 9265 141 949 450 3074 79 221 752 5064 5826 6298 6415 8579 9086 9323
76 871 4558 6226 6920 6258 8140 3074 2650 4091 5234 5762 6445 7367 7476 9848 9868
77 4880 3079 3005 8040 1336 5948 6258 4326 1668 183 985 2617 3405 5397 7200 8028 8919 9713
78 3453 1956 6258 5097 4356 9265 6054 8125 2240 1702 2978 3049 4294 5465 6469 8130 9600
79 790 1323 1208 6258 2240 935 310 1140 2057 2342 3434 3863 6765 9753
80 6258 6257 790 4486 3843 9265 4558 1956 7285 3074 675 1319 2318 4619 6195 6973 9435
81 4558 5097 3079 7606 6258 450 4340 2240 690 1638 2299 4797 5446 6454 7615 7692 9175 9826
82 1423 8549 9265 2741 3453 6258 6101 2155 2662 6550 7013 7050 8693 9385
83 6257 6952 1208 4558 141 6226 1956 6258 2962 1668 1204 1495 3537 7709 8900 9692
84 6257 2486 6258 3557 3079 6101 8994 1524 2615 3007 5326 6029 9097 9997
85 6257 2486 3005 3637 10 949 4938 5097 4704 1336 1625 979 3812 5716 7932 9111
86 1423 1208 6859 4134 871 246 6258 4558 2962 8994 1060 1665 5193 7933 8077 9944
87 6258 4356 1336 496 7513 4558 5097 7285 7413 402 1790 2294 2729 5248 5519 6860 8306
88 3005 5097 3079 5547 1336 141 871 4880 7459 9265 8043 4728 6258 6101 437 2058 2898 3817 8692 9780
89 8549 9688 5097 6859 1020 1956 1042 6258 4901 935 6613 238 1550 2192 2661 3742 4807 7321 8982
90 1208 790 4558 1323 6258 6920 1956 8140 450 523 9265 252 1554 2643 4494 5838 6547 9615
91 6257 3005 5547 3895 9688 4027 7413 2240 2237 3319 4094 7206 8110 8736 9953
92 1423 9265 790 6257 3297 4558 6226 6258 4971 6630 6953 8314 9141 9494
93 6257 6258 450 8841 485 787 1791 3226 6187 6802 7151 8531 9075 9604
94 4039 141 273 1181 6258 5251 9265 4326 979 8994 3835 3946 5307 6168 8062 9292
95 5634 1336 6258 141 4558 1625 7736 979 2668 4801 5171 5998 6899 9107 9205
96 1336 366 4039 4486 4985 6258 3153 4558 5961 6226 6014 6054 1050 1289 1754 7742 7971
97 6257 3005 8040 4880 4356 4558 6258 450 4985 2240 477 866 898 2346 2496 5715
98 4356 728 4293 1309 1208 366 1423 7399 8841 9265 9199 1668 2240 3303 7934 9411
99 4356 450 1336 3074 1668 695 3146 3842 5548 5639 6001 6070 6909 9907
100 4541 3005 6258 9265 5097 9688 4027 4985 2240 780 1498 3276 3965 5194 5921 7882
101 5679 3895 4541 1323 6257 1020 3005 7285 9688 4340 6258 4985 2240 79 895 3106 3871 7631 8144 8812
102 8549 9305 5097 6258 3074 225 979 3111 3249 7205 7511 8074 9349
103 1181 1323 5704 4558 6258 7736 3074 2962 79 564 2307 3241 3567 6460 8049 8195 9787
104 3895 9688 3005 6258 3153 4558 1032 3745 4880 1956 450 4340 7880 2058 3074 79 174 5933 7007 8939 9943
105 790 9265 871 6859 5097 7956 8140 3012 2240 753 1585 3379 4069 6423 7240 9521
106 8549 8040 4938 3079 1357 5330 1336 2486 1323 4558 8140 8043 6258 3074 1071 1757 6785 9716
107 1208 5097 6257 2215 1956 6258 1668 1831 1950 3254 6482 7553 9137 9927
108 871 1423 4880 5704 8549 6519 9688 450 6258 6226 8841 3079 4326 9007 1364 2244 4616 6296 8999
109 2486 871 4541 9265 6258 6101 8994 79 1273 3597 4639 5887 8495 8696 9485
110 1208 8416 4880 1581 1423 9265 6258 1956 7413 6547 2962 1397 1446 6084 7284 9362
111 1323 5097 8040 9265 3005 6101 1557 1833 4071 5458 7198 7481 7858 9993
112 1208 6258 1956 7713 1668 2962 2543 3495 4680 5030 5266 6051 8008 9917
113 1423 8549 4293 3005 1208 4880 366 2818 4060 450 1871 3074 2962 2240 1668 1117 5630 9691
114 6257 9265 3743 9688 7459 6258 2962 79 2704 3088 5019 5412 7310 8502 9709
115 3375 1423 3005 4880 3079 5097 6258 7709 3051 4526 5966 6643 6677 9091 9515
116 6258 5097 3543 1496 2962 1641 2797 4527 4884 5027 5592 8145 8747
117 7174 4558 3024 6258 6920 847 6101 454 3720 4313 4731 5077 9228 9322
118 6257 4880 6226 6258 4027 3074 2962 257 698 881 1855 3700 7267 8257 9659
119 3005 9265 4356 1336 6258 4985 6101 2962 2240 2537 2739 3305 3629 3687 5993 6496 7138 7845
120 1423 8549 6859 5097 6639 6258 8040 6020 7713 949 7736 935 3538 4176 7294 7633 9065
121 5135 915 6257 4541 1336 6258 1956 6547 901 3042 6067 6528 6817 9132
122 4541 4880 9265 5097 6547 2240 2962 295 912 2016 3697 4314 8121 8912 9374
123 1336 6258 1956 4326 2240 2962 227 1125 2857 3320 4531 5504 5777 6149 7791 8686
124 3895 1423 10 9688 8600 4060 2486 9265 6258 4985 6054 1668 1711 2972 3981 6326 7856 8044 8712 9442
125 7228 6257 1423 3745 6258 5547 949 450 4340 7285 6920 3543 2240 4958 6537 7454 9187 9786
126 3005 4356 6257 6226 9265 450 6258 3074 2962 501 1058 2923 5177 5383 5502 9120 9443
127 6859 9301 7699 135 508 1368 4311 4348 5746 5797 9545
128 6258 1336 5097 6020 1956 7413 4985 5880 2962 177 264 1292 1850 2607 6827 8068 9027 9309
129 8040 1423 3895 871 1208 4293 7611 6519 1336 9688 3079 6258 1956 4340 9007 385 7948 9404
130 6257 3153 3895 3079 1195 5155 7736 6054 6258 1668 3074 3012 321 239 610 5662 8618 9089 9174
131 6639 1208 1423 9265 5795 4880 5155 6547 1918 4222 7318 8423 9589 9989
132 9688 6257 6258 4541 3005 4558 6226 9265 259 2223 2929 4070 5471 5748 7807 9380
133 1208 2486 790 5961 6258 8722 6101 979 7296 2139 2150 2489 2692 3368 3560 9576
134 8549 4039 6267 6257 1423 3079 6258 6226 4558 1956 2240 8994 3012 2651 5785 7212 7330 7639
135 6257 4880 949 6258 5097 2818 7296 647 1784 1912 2612 4886 7820 8150
136 6257 3079 6258 1042 6101 1625 2962 755 1095 4037 5546 7302 9230 9940
137 4880 2586 790 6257 3005 5097 7713 2818 6258 8140 6547 7413 1657 1957 2414 7243 8406 8587
138 6257 1423 366 4704 815 1796 6258 8183 5097 330 1329 5483 8371
139 6257 1208 4880 9688 1323 6258 450 3074 2240 523 2768 3050 3750 6487 7048 9008 9060
140 6257 4039 3005 790 871 9265 7736 8125 2240 601 1358 1969 2828 6960 8532
141 1423 6257 1072 1905 6859 2962 2240 921 7542 7777 9295 9908
142 6258 3005 4880 8040 9688 2486 450 4340 7736 6547 7699 2240 2962 367 828 1341 2439 5219 5583 6615 8711 9988
143 1423 5097 4356 8841 643 2932 4401 7179 7610 7936 9607
144 1423 5097 1336 1208 9666 4558 7713 8722 4340 2555 321 816 1227 1877 2577 3680 4310 9839
145 8549 4486 3079 6257 6258 2240 2962 79 2892 3015 6073 6139 8713 9261 9952
146 366 9265 6258 871 8549 4704 3392 4039 10 4737 6269 4362 450 3074 7598 8172
147 9265 4039 790 4880 141 4985 7736 979 2240 550 1042 1132 4695 6391 9968
148 3005 6257 3895 4541 4486 9688 9265 1383 1043 1405 2240 2856 7438 8832 9843
149 8549 871 4039 4407 1208 2744 1336 9688 2962 79 6613 1317 3579 4272 9476
150 6257 3079 6639 949 6258 3074 935 2962 716 1025 5401 5922 6523 7252 9260
151 4880 4704 8549 4039 9102 4644 6258 6961 1871 1956 4985 1668 7153 3991 5631 9689
152 1423 1181 1956 4356 4541 9688 6257 6258 246 4880 5097 1383 7713 4326 1042 2240 2962 79 1174 3144 3633 7379 8803
153 6257 4880 1336 6258 4558 4985 4340 1625 2962 112 2792 2890 5068 8425 8862 9932
154 1423 3297 8549 7115 6226 366 5097 7399 4356 6258 9139 2962 979 3726 3841 3904 5858
155 6257 4558 141 6226 9688 3745 6258 450 7474 4340 979 205 1142 3936 4923 6082 7517 9510 9544
156 9305 1208 4558 4356 1439 6257 9688 5948 9265 7285 6258 3074 575 2877 4444 5582 9621
157 4293 1439 4558 3895 6249 4644 6258 1208 450 745 1476 1900 2259 9970
158 4704 246 5525 2340 1668 148 1157 2319 3021 4354 6946 7688 9085
159 871 4704 1208 5097 4077 7459 6258 9301 4057 4423 4439 5379 9034 9624
160 4880 9666 6351 4326 3074 2240 2962 374 2817 3190 3476 4679 6650 7193 9351
161 8549 3297 949 1423 2486 1195 7713 246 6258 979 1668 935 2341 2683 4572 6126 7364 8973
162 5634 6506 8469 4704 8549 1208 949 6226 9013 2555 472 2540
163 6257 3005 9688 6258 5251 1323 8841 4558 9199 1299 1391 1987 2298 3020 6390 7888 8493
164 5389 6257 5097 7713 2962 3074 2240 875 2810 3102 3108 6178 7861 8716 9384
165 6257 3005 7474 9583 3297 6258 8841 9688 3557 4558 5948 2263 427 2194 2618 6853 7041 8688
166 8549 6258 790 6859 1423 3745 3895 6226 4486 366 4558 9265 4326 935 979 2962 7795 8445 9723
167 6257 3005 1323 6859 246 9666 4558 3745 4356 2962 2240 774 1741 7519 8512 9649 9795
168 1423 9265 3297 949 6257 3005 8040 3453 6258 4985 2962 944 2679 4199 4245 9023 9995
169 3005 6257 246 9688 6258 6920 6226 3079 9265 4340 2962 2240 2 524 2239 3383 5014 6538 8880 9159
170 1423 10 4541 4880 815 3745 5251 2486 9265 6258 5097 9013 1871 79 336 5443 8248 8491 8949
171 3745 141 9688 3557 1323 5795 4558 3079 6258 1956 1572 2740 3374 3792 7652 8227 8507 9395
172 8549 5547 6639 6257 1423 7459 6258 450 4985 2962 3012 3673 5214 7960 9708
173 3745 3453 3005 1181 4541 8140 6258 5948 6101 2555 355 2426 3093 5572 6453 7087 8217 9268
174 6257 3843 8416 2406 4486 3392 9688 5961 366 1336 1323 5795 6258 1956 6101 5339 8367
175 1423 1208 4880 9265 7156 141 4486 3843 6258 8125 79 1149 3054 6409 7341 9369
176 3005 6257 4356 141 1423 5961 1208 1905 4541 1956 6258 1625 2962 425 3316 4783 4832 6928 9862
177 7115 9688 9265 3074 2001 2176 3758 4359 4788 7199 8829
178 4356 4880 141 4027 6343 6258 2962 1504 3486 6306 6625 7210 7961 8834
179 5135 4293 3843 2486 6639 6258 5679 3005 949 4027 5097 2818 7880 4340 175 1019 8989 9543
180 1423 6213 3079 246 5097 9265 6258 8140 2962 1365 5784 7759 7968 8593 8928 9493
181 4558 3024 366 141 1336 6258 7285 2288 2321 2736 4349 4957 9637 9928
182 3297 9305 4880 6258 4541 3079 141 6054 935 168 590 3677 6358 7005
183 5795 949 1956 7713 6258 2943 3309 3690 4337 5494 6057 8931 9063
184 1423 1323 5795 9265 8140 6258 4558 450 4985 2240 3074 1091 1276 2454 3210 3568 4129 4881 8855
185 6257 9688 1208 1336 141 4880 3005 4486 3079 5547 9265 9199 1956 1260 1380 3081 6730 8649
186 1423 949 6258 3297 9688 3005 141 4558 3843 4060 3074 2904 4824 4974 6196 6895 7762 9804
187 1423 2486 7713 3079 5097 1956 7285 8140 6258 1625 3074 2962 2240 872 1345 2032 2404 6509 7929 8552
188 8549 5135 4683 8683 1208 9636 6226 450 2240 2962 7027 8053 8714
189 3895 4486 3297 10 7285 6226 6258 1665 2962 6063 7683 8282 8871 9806
190 6257 8683 4929 1020 3297 9265 2246 2924 3230 6197 6240 8639
191 8549 1423 6519 4880 141 3843 1323 6258 9265 450 7736 3074 475 2156 2698 8185 9440
192 8549 4558 4880 5359 3297 1423 4929 8140 450 1273 6258 4362 6101 8994 2323 2449 5843 8294 9313
193 1423 9305 3766 4880 2486 4541 5155 6258 9265 935 1668 3416 6687 6808 7342 7385
194 8549 915 1423 3005 9265 6258 3745 1208 5389 4356 3079 4027 6547 8994 1445 3482 7188 9219
195 3660 2279 1336 6257 4704 4558 815 5097 4326 6258 79 3395 6376 8700
196 8549 5135 1423 1323 9688 9265 2014 4870 5038 5747 8837 9587
197 3895 8040 6213 1181 6257 10 790 4356 9265 450 979 2962 2010 3243 4364 7030 8743 9931
198 366 6258 3079 8140 6547 7296 935 3012 1175 1601 3752 4828 5668 6705 9215 9216 9527
199 4039 4880 8549 6213 5704 4558 3079 6258 7296 3074 1375 4345 6839 8676 8957 9122
200 1423 3005 4541 5547 3745 1323 4985 7736 2513 2745 3789 4004 5788 9903
201 6257 1423 6258 6519 366 1208 8140 7115 3745 4558 9265 7736 1668 2343 5500 7602 9623
202 1423 3005 8469 3745 366 6257 1181 7611 790 1336 6258 5097 9199 4664 5316 6786 8168
203 3005 8549 1796 1072 4558 9688 9265 6258 4985 1042 3074 116 2005 2274 3376 5810 8848 9279
204 4486 3637 1020 5097 6258 4985 7736 267 744 2735 5003 6554 7756 8569
205 6257 8549 9688 915 3297 9305 4558 1956 6258 9013 3074 398 3362 4431 4584 6470
206 8549 6258 4486 5135 790 3005 5097 3895 3745 6859 6213 9265 6639 5155 1181 6920 2240 3470 7280
207 3297 6258 141 9265 5097 2240 527 2095 4035 5547 5896 9129 9701
208 1423 8549 949 3005 4880 6258 3074 1668 79 726 2569 5566 6222 7331 9942
209 1423 8549 4558 4039 8720 728 2586 9688 5350 6258 1383 6054 9139 2962 2240 2876 7788
210 3297 8549 6257 1423 6258 925 1731 5304 7439 7998
211 4293 3005 915 4134 5135 790 1336 4880 1020 6258 7736 1956 8140 979 8994 79 7204 8881 9499
212 4541 4486 3005 8549 4821 6258 1208 6226 1323 3074 2240 2962 79 4106 6099 7169 7316
213 8549 1423 141 366 1181 3895 6639 8841 4558 949 6258 7285 745 2190 5217 6747 8118
214 3895 9265 790 3005 7459 9688 450 6258 4340 6101 1668 2962 2240 714 4402 4949 6355 7509 8927 9886
215 5135 8549 4558 5679 1423 4486 3895 5097 2741 450 979 79 771 3975 6490 9172
216 4039 6257 1423 3895 9688 450 6258 4356 4340 6101 321 2416 2624 3207 4855 7486 9236
217 6257 8549 4704 1423 6258 9265 7459 3079 1042 2240 5384 7029 7630 9586 9964
218 1423 790 3362 247 4880 4704 141 1323 2741 6258 1956 9013 3074 935 4282 5189 6343 6414 8451
219 4704 450 7503 1423 3895 6258 3637 1796 9265 9688 1963 4558 9013 6547 8994 412 2120 3240 9283
220 1423 3005 1323 6258 4558 5547 3074 4326 1401 6413 6451 7604 8017 8856 9643
221 3660 2406 5155 5097 8720 4880 9636 1423 450 9935 6258 7434 4558 1956 9265 4985 8140 7880 5212
222 4880 1208 6213 6257 6258 8040 5941 8841 9265 9139 450 7736 745 2288 1933 2647 8065 9348
223 6257 790 4486 7399 1020 6351 6258 5097 9265 2240 1124 2377 2705 8506 8807
224 4486 4558 5948 5097 6258 1956 1625 2962 2240 1287 2774 4760 5445 5525 7426 7617 9470
225 4644 5634 8549 6859 1208 4293 6257 4429 9265 6258 4134 4558 7736 2240 2962 8797 8935
226 6257 3557 6859 6258 1181 1020 1323 8140 9265 7736 2240 2962 321 211 1242 2264 5756 7771 8710
227 1423 1323 8040 232 1181 790 4558 9688 5948 2240 8994 3012 207 745 1566 4034 6294 9040
228 1423 3005 246 8549 8683 949 7399 9265 9688 450 4558 1625 6020 1579 5899 7786 9182 9722
229 6258 4486 5182 4039 141 3079 450 7736 979 2240 2962 8994 321 2158 3160 3869 5413 7634 9467 9646
230 6257 1423 9265 8549 9688 949 3453 6258 4326 450 1668 2962 79 1265 4361 5206 7396 8813 9188
231 6257 8549 1014 3005 6258 1208 6519 915 3582 5135 4134 3079 4356 9688 1956 5880 2240 1389 6398
232 5330 4039 4880 6506 3005 1336 3766 5795 4340 8332 3074 979 3672 4702 5120 8997
233 246 6257 4039 4558 6991 6639 1323 949 6332 9265 6258 8994 2962 2 439 2305 3380 4540 8135
234 1208 8549 4486 6258 4938 5679 5097 450 2962 2114 5869 6945 7116 9264 9401
235 1423 4486 1181 6639 5634 4880 3005 790 9688 6258 4340 7736 8994 79 625 2185 8015 9816
236 6257 1423 3079 7228 2586 3297 6267 1208 6258 9265 450 7474 6101 1625 6547 6613 1512 5724 8809
237 4293 5097 6257 4880 6258 9265 3837 6101 7699 2962 2958 3203 4249 5876 9010 9554
238 366 790 4644 1336 2586 10 4558 232 6920 1625 6258 6054 2240 935 395 8307 9735 9847
239 7115 6257 2586 4821 9636 7399 3392 5097 9265 6258 2240 979 553 1172 9208
240 1423 3005 8549 4558 8040 6257 5525 3012 79 56 1056 1271 4843 8580
241 6257 3005 1208 3024 9688 1336 790 6258 4558 5097 450 6101 1668 6920 6997 8179 8673 9904
242 1423 8469 5522 6257 3637 3005 1336 4541 9265 9688 6920 6258 2962 6547 8133 8585 9304
243 9305 3297 1208 6425 4880 1423 6258 5547 5795 4326 3079 1383 1353 4340 3074 979 9968 2052 7754 8893
244 7215 5634 9265 6598 6258 3895 4293 8203 3557 8841 4985 2962 2 1224 8910
245 8549 4704 7503 1423 7434 6258 3005 4429 1208 3637 4356 9688 9265 1956 745 3074 2962 1740 8312
246 6257 1423 1336 5961 5634 1181 5135 790 2486 8549 949 847 6920 3012 3074 9457
247 1423 3153 4558 2240 3074 2962 1036 2412 3269 5387 7392 7881 9340
248 6257 3297 1423 366 3005 6258 7234 8140 1042 4340 9265 2177 3657 4168 7023 8125 8863
249 5634 1423 366 6258 1336 9265 4985 3079 6020 9139 2240 2100 5871 6815 8782 8965 9181
250 1208 3005 1694 9265 5941 9688 3637 8549 790 4356 5097 6351 2085 6547 2962 6511 7739 9532
251 1423 790 8549 4938 4558 8841 6258 450 7736 3543 2962 3074 2240 79 934 1101 8022 8027 8442
252 4558 915 1208 1439 6859 4356 5097 141 450 9688 7474 2143 2649 6428 6440 8844
253 6213 4486 728 1715 4039 4558 1423 5704 450 2962 2986 6662 9893
254 3005 1796 4704 7459 1336 4938 4880 5547 9688 5948 6226 6258 1353 7413 2240 2038 6250 7694 9977
255 9688 5097 1694 3563 4704 3895 5769 5634 2863 4541 6258 9265 1383 1871 1668 3012 120 4385
256 1423 4938 8549 4293 6859 5948 247 6258 6547 4340 2240 4230 5849 9014 9632
257 1423 4039 6213 8549 790 5948 3453 3005 3074 1907 2590 4729 9947
258 1208 6213 6257 9305 728 1423 5135 9636 4558 4340 1871 9265 4985 6258 1956 5307 9968 2962 3100 8879
259 4704 949 3079 4644 3297 1423 9265 5679 1956 6258 4558 6014 7713 2240 2962 3679 5607 7293 9198
260 1423 1323 6257 4486 6258 5795 1336 4541 3005 9666 1273 4558 7413 1668 1282 1940 3708 4574 6640
261 1423 8549 4880 6258 1181 4644 2406 949 4558 9265 2240 979 783 5696 8029 9608
262 3895 2586 6258 8600 9265 3188 949 4027 2962 2096 2340 4389 5259 6873 8566
263 5135 8549 6258 3297 7228 3392 9688 9265 246 7474 4985 2340 2962 935 2240 1079 1745 9881
264 1423 1336 4356 1020 3005 2586 1309 1323 6258 9265 4340 1668 935 2407 6291 7707 7730
265 8549 3005 3766 1336 9688 3079 6258 2962 2240 14 1348 2732 6044 8503 9325
266 4558 9305 5135 4039 8549 1796 5330 3005 6226 8722 6258 3074 7095 8266 8898
267 1423 3895 5634 6213 9688 141 232 8040 1323 6258 9265 4326 2962 2240 1496 4216 9540 9930
268 1423 366 9265 9305 7115 3453 790 6258 1042 450 7285 3074 1614 3539 5859 8284
269 3005 3745 6258 450 7296 935 686 2413 4539 5340 6889 8290 8571 9661
270 1423 6257 1323 5704 790 3745 2744 9688 246 1273 450 1223 2994 4145 9071 9512
271 3637 3005 1323 1181 2240 511 1339 2873 3290 6696 8522 9414
272 1423 5634 6257 4356 9265 450 2962 352 3101 4244 7487 9138
273 6213 3392 9305 7115 3079 9688 1208 6257 5961 9265 3074 3172 4571 6219
274 1423 3153 141 3843 6258 2818 450 3074 979 545 3141 5342 8539 8793 8948
275 790 4039 7810 6257 5948 9265 4558 141 7413 874 3541 4470 6341 8212
276 4880 5135 7156 3637 1423 6351 1796 790 6258 450 7474 9139 9013 4326 745 7949 279 3356 7541 9436
277 1208 366 5097 9688 1796 7399 6639 790 1414 2486 6258 626 3586 6022 8193
278 1423 4704 6258 9305 4486 728 1336 4039 4558 3453 1956 450 4340 893 5880 9750
279 4039 9305 8042 4880 5135 7474 6213 4558 6258 1423 7115 2741 3079 1956 8618 7880 1668 2240 22 7868 9938
280 8549 4704 9688 7115 1423 790 6258 4558 450 4362 4340 3074 2962 551 670 5386 7049 8947 9764
281 3005 3895 790 4486 1423 5097 4558 8722 3074 203 765 3004 5150 8961
282 5097 2586 7215 1323 6258 3079 8722 4027 3074 145 2121 3837 5773 7456 9192 9498
283 1423 6257 1336 4356 8841 450 7713 6258 4326 376 955 1218 2990 3245 7202
284 1423 8040 8750 8549 6258 5059 871 3453 6257 3079 3895 4880 9265 1668 7296 2962 79 5232 8176
285 4704 1208 7215 9265 3297 3153 4340 7736 2962 3377 7653 7805 9070 9725
286 1423 3005 6859 3453 5135 9265 9688 5097 6258 450 1383 745 220 4317 7369 8342 9820 9976
287 1423 1309 8549 4558 4704 9265 7474 1668 4079 5702 8528 9015 9972
288 6257 8040 8549 6519 871 9305 4039 4558 5359 6258 9688 7413 2240 2962 6613 862 1666 8592 9396
289 3745 6257 4880 6213 6519 7459 8040 141 6258 1020 450 2962 79 447 960 6635 8106 8419
290 4644 8549 5634 4821 5097 141 7285 3453 1020 4558 6258 450 8841 4326 745 979 4962 7078 9846
291 1423 8549 3297 4558 4039 1323 450 6258 5097 79 61 1986 2791 2844 7893
292 578 4880 2741 3637 3005 4486 366 6351 4340 3074 2962 2256 3252 5099 8157
293 7215 1323 1423 4356 3417 5795 4929 4880 5251 6020 3074 1668 6424 7429 8210 8612 8636
294 7228 6267 1336 8469 6257 2186 4558 2962 648 1536 2996 7725
295 1423 6257 6258 8549 4821 6956 4880 3005 3637 4039 5097 3079 6054 2962 79 321 7036 7597
296 4039 9688 1423 4880 728 4558 6258 4928 450 5097 9007 935 2538 2633 6214 7684 8131 9819
297 1323 6257 4704 141 3745 2863 9688 8720 1181 1956 6258 3432 4763 9645
298 1423 4356 6257 4704 7228 366 1181 1905 4929 4558 5097 9265 450 1668 7278 7848 9990
299 6213 3745 5704 3417 4880 6258 1956 6698 6014 1668 5307 979 6101 2962 5605 6515 6921 7110 9739
300 1423 3297 9688 6639 8040 6519 6258 949 6226 4340 2962 321 1310 4691 8313 8499 9497
301 3895 8203 3375 915 1323 4293 366 8549 7503 6258 22 9265 4326 2962 321 8668
302 5754 4880 6351 790 1336 4558 9265 6258 7736 2962 1705 1943 5474 8842 9961
303 3297 1423 366 4821 9305 6258 4558 5097 1956 7713 2555 1800 5245 7787 8658 9573
304 5634 9305 8549 2515 4558 7956 9688 450 847 9265 6258 4985 935 8994 79 1031 2368 7641 9453
305 6258 3895 141 8683 4644 4880 6257 8203 4486 3079 4134 3885 935 1123 3833 9478
306 5097 1423 9305 1336 3005 9265 141 1668 2962 9007 989 2870 5645 8816 9001 9006
307 1423 9688 2486 4541 3005 728 6257 871 6258 6547 2240 9968 208 731 966 4047 5129 9755
308 6257 1323 1208 4039 450 6258 4985 9265 6101 2962 2707 4377 5400 6526 6849 7686 9738
309 6257 915 1423 366 1262 7115 273 3745 6258 4356 4027 1956 7713 8498 6547 4326 2240 3675 6750 9869
310 790 2586 1423 6257 4039 4704 8720 3005 6258 4134 6547 1177 4102 8180
311 1423 1336 8549 4880 6258 1309 8720 9688 8878 4558 7709 7699 1503 2289 7016
312 4644 3297 5634 8549 5330 4558 4039 4429 4356 6257 6014 9443 6258 8841 6547 4985 9968 3016 7329
313 366 6257 7115 790 1208 6920 6859 5097 1042 4340 6547 663 3827 7525 8706 9064
314 790 3297 1423 141 9265 7474 9688 6258 1668 3074 9968 30 952 4626 5997 8794 9933
315 8750 4821 4683 4356 5634 9305 1336 790 5509 1905 4985 847 2962 2240 7811
316 4644 3660 4558 3895 1439 366 9265 1908 1208 9688 6258 2 1625 2693 6162
317 6257 8549 1208 1423 4486 5097 6258 9265 3153 4880 4541 4340 7736 450 2962 79 2865 5950 6888 9582
318 5135 4880 3895 4293 2406 1905 5634 5679 10 6258 5097 745 8994 5367 9281
319 8549 1423 915 8895 1796 4541 3843 6258 9013 979 1064 2391 9837
320 6257 5679 1423 3745 9688 6258 7713 949 9968 1425 2988 4123 5737 8515 9148
321 3005 1423 4039 1905 1208 6425 949 2146 2424 5105 7647
322 8549 482 4880 4541 7215 1336 2586 1208 3895 2486 8600 6258 9265 6101 979 7883 9968 718 2361 8953
323 6257 4880 4039 1423 8549 1323 5097 4558 4340 6258 118 583 3308 6758 9625
324 2314 4821 779 2486 4880 7215 6859 6257 4356 6258 7736 1010 9613
325 5135 915 6257 9265 9666 4039 6258 450 4340 1668 3074 79 137 977 1779 9757
326 5634 4880 1423 4558 3392 366 6258 1323 5097 5547 1181 9199 8043 3074 650 3158 5390 7132
327 1423 1323 3745 3005 5135 3843 4880 1668 105 300 1118 1798 7972 9277
328 790 1423 141 8416 3297 1208 7434 847 979 195 3910 4615 9441
329 1423 6257 8549 4644 1181 3297 7503 6506 6258 1336 9265 3074 6547 2962 5375 8252
330 1423 7503 790 4938 6257 4134 6258 5097 450 3012 75 3714 6770 7859 9291
331 8549 1423 6257 2918 5754 1032 3005 9265 847 7736 1710 3408 9463
332 3005 141 9636 4558 1336 4880 366 9688 5097 450 6258 9013 4340 1668 79 1807 3443 7097 7794
333 9688 1309 1423 9102 3392 4356 5097 7082 4880 6258 3453 7285 4340 3074 2234 7040 8113
334 1423 790 8615 2586 2124 5961 1715 6920 8579 6020 9688 6258 5097 4060 7296 7435 9387
335 1423 6257 4644 6639 2486 4140 3079 4541 4880 9636 5011 9688 4558 79 2240 2962 4026
336 1423 366 7437 9688 1323 3417 3453 6258 4340 4880 5097 450 133 6547 935 1979 5520 8218 8598
337 779 3005 5634 4880 1323 6257 3895 3153 141 6258 3079 8140 9265 9688 450 4340 1668 5254 6810 7441
338 1423 6213 4938 790 3453 1072 7980 6257 9265 6226 2486 6258 7736 9139 6613 2962 5067 7209 7663
339 1423 6258 1208 4486 6257 3843 790 2962 321 6611 7088 8005 8651 9789
340 3297 6257 9102 1796 1208 4558 1323 790 3074 79 199 303 2265 6741 7563
341 3005 9265 8040 5330 6257 1423 1208 2486 450 246 5097 6258 7055 1668 7296 2240 2962 79 4635 6333 6773 7313
342 7228 3895 9305 3745 10 1336 4880 3005 8040 3079 4558 6258 7949 2962 368 5201 5898 9370
343 6257 779 9305 3536 232 5350 949 4558 6258 4356 9265 5401 7736 6482 1668 3555 3710 7143
344 2406 4704 6258 815 9265 1423 3392 482 1908 1956 7709 2970 7796
345 366 728 6257 3392 9265 1323 1309 790 450 8722 6258 6547 3313 5300 8969
346 1208 4558 7174 8416 1423 6991 915 8854 9265 9688 4985 5097 6258 5547 4340 3074 2962 2240 6465 8249
347 5634 2586 7228 1208 450 6258 4340 979 3074 1454 4007 5132 8111 9801
348 9636 1208 366 1423 4039 3637 6257 1323 790 9688 8549 854 6258 5185 9265 7285 7709 1668 9745
349 4880 7503 1262 2586 8841 4486 6257 9688 3079 7459 6258 6101 2962 2240 935 7012 8287 8473
350 7215 5634 3392 1336 1423 8549 246 3005 6257 871 9688 1383 3074 321 79 1113 9815
351 4039 1423 1208 1323 5634 4880 296 6258 4558 8140 9265 3074 979 2240 3064 9354 9850
352 3005 7006 1336 4880 1423 6226 7233 6258 5097 4558 3079 2203 9688 4985 2240 6547 3121 6102 8081 8790
353 6257 366 4880 5135 2918 5522 4356 4558 1956 6258 847 9265 6054 6844 9650 9813
354 1423 6506 6257 4039 366 1181 6258 6020 4985 2340 2240 2673 2757 7254 8277
355 3895 1208 3392 7215 4486 3079 6257 4880 5401 6258 2240 979 1686 3089 3922 6546
356 6257 4486 3005 4541 1181 5522 7980 4558 1323 9265 6343 450 6258 1625 5163 8907 9025 9844
357 4039 1423 5941 5704 4821 3637 9636 6257 6258 5359 5880 420 6838 9707
358 5634 3637 4821 3743 3392 4133 9636 5795 6258 1871 6170 3079 1668 9968 6148 9217
359 8469 1336 4704 1423 5679 7713 915 7285 3079 246 6258 7736 8722 7699 935 5207 5601 7682
360 3005 1796 5634 8040 4558 4293 3297 366 4704 4356 1020 6351 9265 6258 4985 1668 13 9426
361 1423 4293 1072 3745 7437 1208 232 2486 246 9265 3005 5948 8140 6258 6101 3023 3656 9979
362 9265 4356 578 5330 3297 4880 273 9688 9139 6258 7413 1668 5063 6592 7260 9088
363 4293 7611 4486 3005 1323 6257 5097 6258 9265 1145 7234 8535 9254 9641
364 3005 4039 1336 366 5634 5135 2034 7503 790 4880 9265 6258 7296 2240 79 9406
365 1423 8549 9688 2515 5678 6258 3745 3005 935 829 6054 6772 7326
366 5679 4880 6257 366 871 3895 779 8040 790 2586 6258 8140 4985 5097 2962 935 4415 8591
367 5135 7115 1208 6257 3843 7382 8549 1423 9688 4558 3079 1871 5097 450 6258 4326 3751 9432
368 6257 8469 6258 5795 1423 1208 4558 8841 847 450 9265 9013 7713 7296 165 3877 6190 6668
369 1423 4880 8895 4293 8469 949 360 5097 450 9265 6258 3777 9802
370 6257 4039 1694 7115 3079 6258 7709 6547 2128 3839 4260 5503 7053
371 6257 8040 7437 2586 5961 6258 2962 84 541 2875 3251 4063 6581 8037
372 8469 5135 8549 9688 360 7980 450 4558 9265 9139 2962 7710 7938
373 6258 5135 4880 366 9305 6519 8140 5097 450 1625 3074 8994 1935 4246 4295 7317
374 8040 6257 4293 8549 3417 4880 4356 1323 3079 4340 935 2240 2962 3513 4614 6010 7720
375 8549 3745 1796 3005 6258 4938 949 5155 1323 5961 1956 3079 1625 9688 6054 2555 2583 3165 8092 8523
376 6213 1423 6519 1694 1208 6258 9199 3074 9007 8994 438 2030 3897 8805 9682
377 4704 3392 6257 728 2186 4486 1181 5795 6258 4429 1423 9688 4558 450 6547 7285 3074 2262 5270
378 1423 1323 3005 3297 2586 4541 7215 3079 6351 858 7413 8858 9185
379 1423 8040 4486 6257 3417 4821 1208 1336 5547 5509 4558 1956 9688 6258 9013 2962 1422 7997 8890
380 3895 6257 366 8549 4880 1208 4486 1181 3005 3153 7082 5155 6258 5097 9688 7736 450 1668 79 5848 6176
381 5135 6257 9305 1208 3297 4880 9265 6258 450 4558 2240 3520 4905 5755 7354 9054
382 1423 6506 2918 6258 2524 115 1084 4880 4558 4060 9265 4985 7949 2962 2240 3533 9043 9809
383 4644 5634 4558 4704 4821 1423 3297 3557 4541 3079 7296 372 8814
384 1423 1181 1072 1956 9688 4558 4134 6258 971 1464 1878 1941 3901 5182 9519
385 9305 915 1020 9688 4340 3453 3005 949 6101 413 1484 3363 7629 9720 9867
386 3005 3895 5795 3745 6258 6859 1323 3074 2962 2895 3820 4095 6101 6324 8456 8967
387 6258 1336 1423 4880 9305 7382 3132 5634 4541 9265 1796 3017 4039 4340 450 6101 79
388 5135 8549 4558 4704 6213 728 1423 6257 854 1956 9265 979 6840 9353
389 1208 1423 6639 4880 790 4541 4356 4558 6258 5097 2263 9265 1956 7055 7949 569 3032 4399 6836 6891 7117 8136
390 8549 6257 871 4880 9688 2962 108 876 1150 2345 3364 5050 7483
391 6213 4293 2406 8469 6258 3743 8549 3079 4558 4985 7736 5793 7721 8186
392 8549 5135 1423 871 5634 3392 3895 6258 6213 8916 728 1956 450 4340
393 5097 4293 1423 915 6257 6226 7736 712 450 2001 9265 6258 979 2962 2240 2491 2926 4112 8046
394 6257 1336 3005 9688 1423 4293 578 3895 4644 3079 9265 6258 4973 5798 6504
395 8549 6258 6269 8916 4039 9265 871 949 5948 8600 450 4326 935 1903 1922 1955 5161 7192
396 5795 2406 8040 141 790 8549 6639 815 4985 8841 3106 7413 6258 3012 3409 7491 7600 8447
397 3079 7611 871 854 6258 8720 4880 3637 1336 5097 450 3074 935 3528 3596 5818 7390
398 7503 1423 4880 366 6258 4039 915 2486 4340 3074 2003 2325 5156 5457 9013
399 4704 7228 6991 6639 1423 4039 4356 3005 5097 6258 3392 5961 9265 4340 745 2962 2240 4418 9423
400 4704 1423 5097 6258 3153 1020 7459 4558 7713 7736 3074 2962 1719 2954 3225 3336 8078 8460
401 6257 6506 3895 2586 4704 9688 1423 6258 4558 9265 6101 2962 3164 6962 8418 9593
402 915 6257 366 9265 3005 4880 3453 8841 6258 450 3074 979 2 767 1774 3806 6968 7009
403 4938 6257 3297 2586 2486 6020 7736 9265 6258 2240 2962 79 2 1452 2939 6862 7962 9377 9950
404 728 7215 7115 4929 3637 6257 9666 6258 9265 468 4326 7413 5857 6334 7706 8303
405 1423 4039 3079 5097 3392 4644 1208 9688 7474 6258 4985 6101 1668 9007 79 5780 6737 8270 9003
406 1423 3375 871 1208 3297 1336 141 4356 4558 6258 9265 7880 2240 2962 1552 4462 5317 9687
407 1423 6257 8549 1072 5795 450 6258 9199 9615 4340 9007 2962 2 574 1858 2601 4021 8167 9428
408 8549 2918 1423 6258 366 2486 5251 3024 6639 4356 9636 9688 6170 949 7296 935 8644 9684
409 3895 790 4880 5097 3417 7969 6258 1625 6020 8994 1360 3496 8896 9167
410 1423 9305 1336 6257 5634 4039 6213 360 1956 6258 6054 2962 7216 9256
411 6257 3297 3745 4880 3895 5097 4704 5135 366 4356 9265 2962 6534 6812 8450
412 3895 5634 5330 9688 9265 6258 450 2340 2962 2240 328 3674 3716 6588 9004
413 5097 4541 3745 3297 2406 4880 728 1336 4486 6269 3079 9688 8140 6258 4340 7736 3074 2240 9968 2555 1939 7657 9355
414 5634 8549 1423 3637 2586 4558 790 3297 4134 6258 9013 9199 352 4954 7123 8899
415 4293 854 5634 790 3024 4704 915 6258 4134 450 4340 4985 1668 2240 1785 5656
416 4704 6257 6519 6379 779 5097 2818 6920 9688 9023 979 3073 7182 8332
417 3392 5135 1423 366 3745 450 779 4140 9442 6258 2240 2807 7180
418 5135 1423 6257 3297 6258 141 6859 4356 4558 9615 7285 979 2962 2240 4442 4819 5417 6541
419 6213 790 4821 246 2279 4880 366 7399 6258 4340 3074 79 269 2842 4741 9418
420 1423 366 9265 7925 4039 779 6258 3005 4821 4558 5097 4985 4340 79 6549 9920
421 3297 7215 6257 1072 4880 4704 7006 3005 6258 4985 3074 2240 2962 326 3554 4602
422 4880 5135 1423 4293 4356 6257 6607 3392 5359 4558 802 4286 9528
423 9305 6258 4558 6257 9530 9265 5155 4429 4928 7736 979 2962 3186 6153 9244 9332 9743
424 9688 8469 4486 9102 5679 3297 6258 1208 7115 4356 1423 3079 2240 2962 457 3882 8427
425 871 4704 9305 1423 3392 9265 6258 2962 843 900 5286 9347 9580
426 8549 5330 3005 6257 6226 915 10 9102 5155 6639 9265 6258 1668 745 2962 79 1752 3883 7784
427 6257 1423 4644 4880 2279 1956 366 4541 6258 4558 4356 8841 6101 7880 2962 2240 3553 9335 9567
428 9688 4039 3005 141 1423 3895 296 1956 4060 4985 2962 2240 1570 6842 7101 8753 9898
429 3637 779 1323 9305 1423 6258 4558 6257 1336 9265 2962 8994 2240 79 860 7513 8878 9885
430 6258 6257 3005 1423 8549 7228 790 9305 4558 871 5547 7459 6020 9013 3932 5365 8632 9746
431 3637 141 3005 8549 6257 1208 4704 1935 2203 6258 1336 6226 8722 7699 3229 4755 7950
432 1423 6257 9305 1208 3024 3079 2486 6258 9265 5546 6101 8722 7413 2962 760 4913 5674 8634 9911
433 4039 5634 2202 1423 4486 6258 2918 8549 4340 6613 2962 4815 5172 8236
434 4880 4704 3005 3297 6859 8549 1423 3895 6258 450 5948 9265 9139 2962 7949 935 8994 408 3425 6200
435 366 1336 6379 9688 4558 790 4541 6257 5097 8416 3453 3074 2962 819 4640 7152
436 1423 5135 8549 4293 232 9305 6639 6258 4027 5053 6547 2240 2962 2750 5441 8345
437 6519 1336 4644 6257 6258 9688 4356 4683 1908 4486 728 578 1956 4558 1871 5097 450 3154
438 1423 7399 3079 8549 360 1336 9305 4039 4541 450 9139 3074 2508 4749 5127
439 871 9265 2586 6258 3005 4880 1423 5097 8549 6639 4541 5547 4429 4134 450 8140 7413 2962 79 2985 5104 6094
440 8549 1208 6257 141 3079 4880 9688 5948 9265 450 6258 1668 8994 1213 1942 5385 7545 8428
441 3005 1423 4039 6257 9265 6258 4027 7736 4326 79 3707 6594 9030 9460 9754
442 3392 5769 1423 8469 779 5350 141 6258 3074 2962 9968 5902 6356
443 4293 871 9305 4929 3895 141 5097 5948 6258 7736 8994 1668 2962 789 5815 8637 8764
444 4644 4356 5634 2406 6257 3297 4486 450 141 1905 4134 6226 9968 2962 7949 1728 6043
445 1208 4644 4704 790 3557 7925 4558 8549 3637 4880 6130 3079 7434 6258 5948 4340 79 7277
446 7115 1323 3005 3637 4929 1208 1336 141 6258 5948 1625 4985 2240 1984 2445 4915 8169
447 6249 1423 5097 3745 6257 3895 6258 7382 8579 3005 9265 2240 218 5803 6253
448 779 6257 2586 5135 3417 6258 6607 9265 3543 79 2962 2 4341 7569 7599 8480
449 7503 4293 3005 9636 191 3992 5795 4880 9688 6258 4340 9265 6226 7736 7285 3074 6699
450 1423 366 4039 3895 3453 4704 5634 5097 9265 4558 3074 6613 2962 5553 7147 9635
451 6257 8469 8549 6859 4880 5097 6258 1625 349 1385 2263 2545 9046
452 4704 3297 9442 360 1020 2586 1019 4356 6269 1956 4558 6547 3074 2962 3236 4660 5358 6884
453 1423 6257 4558 1336 4039 246 2486 6258 9265 949 450 4134 6101 2340 5433 7922 8054 8574 8760
454 8549 2586 4558 4821 1181 4880 3375 3766 3079 6258 3074 2818 3260 9207
455 1423 6628 4039 4704 1020 1905 3392 9636 4880 3453 847 6258 5097 5547 8722 5401 4985 2240 79 6254 6484
456 1423 7503 5795 3392 7382 6258 8549 9688 5389 4356 3079 8841 1956 8140 4985 450 1625 6547 6360 9598
457 1423 9688 8469 10 8750 7340 3392 1336 3637 3005 5155 8140 1956 6258 6547 2962 5490
458 1423 8579 3453 3557 8549 5069 8416 6258 790 5948 949 1336 4558 5251 9265 450 847 2555 1176 5437 6113
459 4293 4704 2586 5350 3453 9305 1423 4486 5097 7434 5961 6258 450 7055 2240 2962 1007 8925
460 4880 3895 4558 5634 4486 8549 2406 3464 4356 5097 4027 1871 6258 3074 2240 696 2457
461 366 779 4558 5941 9728 1694 1336 5547 6258 7413 2962 4333 6848 9663
462 6258 4880 1423 3745 5155 2586 4039 7228 6379 2515 1181 5795 5097 1625 7285 2962 5779
463 8615 1423 4929 6506 6258 3895 3375 6134 1016 4742 6731 9427
464 728 4293 1208 141 2202 8203 5097 2918 9688 4558 6469 6258 2555 6492 8888
465 9688 3392 1208 6213 4356 3005 3745 790 1956 6258 7880 3936 1122 3066 8055 8742
466 6257 728 7215 3637 8469 366 5200 6258 4985 450 2313 8061
467 7382 366 8549 1423 6257 1014 6224 4558 6258 7413 2240 2555 2 5895 7349 8826
468 6257 7174 6332 6258 296 7228 5678 7414 4644 7340 6351 9265 1496 4985 6054 8994 3234
469 8549 3005 4938 5634 2515 3297 1208 6258 450 9265 1871 6134 7413 719 5772 8256 8433
470 1423 1181 7503 6257 3895 7810 728 949 6920 3453 450 4558 9265 3074 2240 4771 6290 9858
471 4880 3005 1423 482 1273 4704 141 2406 4077 3375 10 3745 6859 450 6258 9265 8140 4134 7713 1668 6331
472 1423 482 8549 7233 6258 1956 6547 388 5166 6871 7886 8025 9438
473 5634 6258 3895 5135 3417 141 3745 5350 9265 5097 450 7713 1997 6448 7336
474 1423 3392 1336 1181 7437 4880 6258 2406 790 7156 366 9265 6547 935 2240 2962 4093 5329
475 4293 915 4558 871 9688 4541 6257 1020 9305 2515 3392 4356 3079 6258 1668 2240 2962 5758 8751
476 4644 5634 7228 6257 1208 1020 1323 6258 1625 6101 3547 6283 9592
477 232 360 4821 6258 9666 4644 366 496 5509 9265 6920 2962 321 1429 1506 9936 9945
478 6258 3005 1423 5135 4880 9688 4541 4821 1336 9265 1625 3074 1668 9968 1920 5917 6727 8723
479 4644 1181 728 4039 1014 3392 8416 1423 9265 6351 6258 7736 2962 2240 8994 8663 9042
480 366 4644 3745 9305 4704 790 7399 6639 6258 8140 8841 8994 2962 935 3479 7809 9407
481 366 5678 3005 8549 8720 3745 2406 9265 450 6258 935 110 2685 4728 5659
482 1423 5634 9102 3843 6257 5135 1181 4644 3297 141 6258 2555 79 9045
483 3297 7215 5135 8469 8841 4558 1323 8793 1423 8040 4356 8140 6258 979 2962 6404 9555
484 6258 6257 5634 1323 2406 4541 4486 979 639 5964 9669 9744
485 1423 3895 728 1323 4486 4880 366 4558 9265 3079 450 6258 8722 7736 4340 3074 1293 3123 8685 9971
486 1423 4644 9636 3895 2406 4880 9265 450 6258 7285 2962 813 6978 7952 9553
487 1423 8549 4929 4486 3843 6257 4039 790 2918 6859 3297 5097 1439 2240 1252 8021
488 6257 366 4704 790 450 4356 1423 1072 4938 7503 6258 6226 4340 7736 6547 4645 6083 9379
489 4644 6258 6468 8916 366 4880 8549 1072 9688 4558 6101 4326 3074 79 2962 1737 3262 6931
490 3297 8549 1423 141 915 7215 5634 3392 2918 6170 2486 6258 3074 2240 1668 2962 9007 7987
491 7925 366 4356 4039 779 6258 7215 2524 2486 4558 3453 7413 7699 356 9548
492 4293 4880 3392 8674 5135 3297 5795 8040 450 6258 7736 6014 8125 1083 8622 9564
493 1423 8750 790 3005 8469 728 1336 9265 1956 8722 2962 2240 79 4752 6011 8265
494 1423 3297 6257 1908 3005 4293 6258 3895 4880 4486 949 8140 1383 3074 8069 9611
495 1423 6249 4938 9305 4644 4541 871 6258 2240 2962 79 2811 7708 8267
496 4704 6257 1323 8098 1181 3895 1423 6961 9265 4985 6258 4326 2962 640 1139 8387 8581 9430
497 1423 949 6258 366 3005 3660 4880 5678 4356 450 5097 9265 7736 6652 7057 8787 9276
498 6257 4293 6258 6519 4821 2962 2 5153 6170 8690 9591
499 1423 915 4880 1796 3005 6258 5097 4558 450 8722 9265 979 2962 867 1898 2578 3115 3996 5654
