100
0 9297 8560 8 19 80 87 198 225 329 346 423 492 562 629 647 684 751 770 950 976 1086 1105 1170 1279 1294 1471 1479 1496 1659 1770 1810 1864 1912 2022 2149 2186 2277 2289 2336 2462 2518 2559 2697 2721 2777 2991 3065 3197 3228 3487 3528 3534 3748 3844 4026 4112 4262 4370 4581 4683 4718 4781 4906 5099 5204 5351 5827 5904 5911 5955 6016 6109 6144 6348 6576 6813 6906 6907 6950 7111 7567 7696 7807 8074 8162 8342 8412 8421 8731 8870 8935 9096 9118 9222 9252 9705 9767 9786 9851 9858
1 2025 7134 1051 5402 3514 8542 4334 3651 6047 1541 5949 1046 4723 8324 8947 4928 7040 1993 1985 2463 745 5294 9297 1550 6816 9505 1025 5387 1670 8269 1176 7864 3791 7683 3058 824 6955 2654 8499 8560 8636 7409 3958 106 56 5456 5971 547 6402 7103 1380 712 2812 2453 6661 6484 8833 2665 6801 1802 5643 5514 310 4690 9929 5475 1903 9781 4970 7588 1534 1850 5211 9837 8433 6852 5943 1351 6260 6227 2370 1918 8495 8760 6501 3798 1126 9423 6162 8361 1638 6299 6738 9017 6214 675 2944 5990 4673 4257
2 2025 7134 1051 5402 3514 8542 4334 3651 6047 1541 5949 1046 4723 8324 8947 4928 7040 1993 1985 2463 745 5294 9297 1550 6816 9505 1025 5387 1670 8269 1176 7864 3791 7683 3058 824 6955 2654 8499 8560 8636 7409 3958 106 56 5456 5971 547 6402 7103 1380 712 2812 2453 6661 6484 8833 2665 6801 1802 5643 5514 310 4690 9929 5475 1903 9781 4970 7588 1534 1850 5211 9837 8433 6852 5943 1351 6260 6227 2370 1918 8495 8760 6501 3798 1126 9423 6162 8361 1638 6299 6738 9017 6214 675 2944 5990 4673 4257
3 2025 7134 1051 5402 3514 8542 4334 3651 6047 1541 5949 1046 4723 8324 8947 4928 7040 1993 1985 2463 745 5294 9297 1550 6816 9505 1025 5387 1670 8269 1176 7864 3791 7683 3058 824 6955 2654 8499 8560 8636 7409 3958 106 56 5456 5971 547 6402 7103 1380 712 2812 2453 6661 6484 8833 2665 6801 1802 5643 5514 310 4690 9929 5475 1903 9781 4970 7588 1534 1850 5211 9837 8433 6852 5943 1351 6260 6227 2370 1918 8495 8760 6501 3798 1126 9423 6162 8361 1638 6299 6738 9017 6214 675 2944 5990 4673 4257
4 2025 7134 1051 5402 3514 8542 4334 3651 6047 1541 5949 1046 4723 8324 8947 4928 7040 1993 1985 2463 745 5294 9297 1550 6816 9505 1025 5387 1670 8269 1176 7864 3791 7683 3058 824 6955 2654 8499 8560 8636 7409 3958 106 56 5456 5971 547 6402 7103 1380 712 2812 2453 6661 6484 8833 2665 6801 1802 5643 5514 310 4690 9929 5475 1903 9781 4970 7588 1534 1850 5211 9837 8433 6852 5943 1351 6260 6227 2370 1918 8495 8760 6501 3798 1126 9423 6162 8361 1638 6299 6738 9017 6214 675 2944 5990 4673 4257
5 2025 7134 1051 5402 3514 8542 4334 3651 6047 1541 5949 1046 4723 8324 8947 4928 7040 1993 1985 2463 745 5294 9297 1550 6816 9505 1025 5387 1670 8269 1176 7864 3791 7683 3058 824 6955 2654 8499 8560 8636 7409 3958 106 56 5456 5971 547 6402 7103 1380 712 2812 2453 6661 6484 8833 2665 6801 1802 5643 5514 310 4690 9929 5475 1903 9781 4970 7588 1534 1850 5211 9837 8433 6852 5943 1351 6260 6227 2370 1918 8495 8760 6501 3798 1126 9423 6162 8361 1638 6299 6738 9017 6214 675 2944 5990 4673 4257
6 2025 7134 1051 5402 3514 8542 4334 3651 6047 1541 5949 1046 4723 8324 8947 4928 7040 1993 1985 2463 745 5294 9297 1550 6816 9505 1025 5387 1670 8269 1176 7864 3791 7683 3058 824 6955 2654 8499 8560 8636 7409 3958 106 56 5456 5971 547 6402 7103 1380 712 2812 2453 6661 6484 8833 2665 6801 1802 5643 5514 310 4690 9929 5475 1903 9781 4970 7588 1534 1850 5211 9837 8433 6852 5943 1351 6260 6227 2370 1918 8495 8760 6501 3798 1126 9423 6162 8361 1638 6299 6738 9017 6214 675 2944 5990 4673 4257
7 2025 7134 1051 5402 3514 8542 4334 3651 6047 1541 5949 1046 4723 8324 8947 4928 7040 1993 1985 2463 745 5294 9297 1550 6816 9505 1025 5387 1670 8269 1176 7864 3791 7683 3058 824 6955 2654 8499 8560 8636 7409 3958 106 56 5456 5971 547 6402 7103 1380 712 2812 2453 6661 6484 8833 2665 6801 1802 5643 5514 310 4690 9929 5475 1903 9781 4970 7588 1534 1850 5211 9837 8433 6852 5943 1351 6260 6227 2370 1918 8495 8760 6501 3798 1126 9423 6162 8361 1638 6299 6738 9017 6214 675 2944 5990 4673 4257
8 2025 7134 1051 5402 3514 8542 4334 3651 6047 1541 5949 1046 4723 8324 8947 4928 7040 1993 1985 2463 745 5294 9297 1550 6816 9505 1025 5387 1670 8269 1176 7864 3791 7683 3058 824 6955 2654 8499 8560 8636 7409 3958 106 56 5456 5971 547 6402 7103 1380 712 2812 2453 6661 6484 8833 2665 6801 1802 5643 5514 310 4690 9929 5475 1903 9781 4970 7588 1534 1850 5211 9837 8433 6852 5943 1351 6260 6227 2370 1918 8495 8760 6501 3798 1126 9423 6162 8361 1638 6299 6738 9017 6214 675 2944 5990 4673 4257
9 2025 7134 1051 5402 3514 8542 4334 3651 6047 1541 5949 1046 4723 8324 8947 4928 7040 1993 1985 2463 745 5294 9297 1550 6816 9505 1025 5387 1670 8269 1176 7864 3791 7683 3058 824 6955 2654 8499 8560 8636 7409 3958 106 56 5456 5971 547 6402 7103 1380 712 2812 2453 6661 6484 8833 2665 6801 1802 5643 5514 310 4690 9929 5475 1903 9781 4970 7588 1534 1850 5211 9837 8433 6852 5943 1351 6260 6227 2370 1918 8495 8760 6501 3798 1126 9423 6162 8361 1638 6299 6738 9017 6214 675 2944 5990 4673 4257
10 2025 7134 1051 5402 3514 8542 4334 3651 6047 1541 5949 1046 4723 8324 8947 4928 7040 1993 1985 2463 745 5294 9297 1550 6816 9505 1025 5387 1670 8269 1176 7864 3791 7683 3058 824 6955 2654 8499 8560 8636 7409 3958 106 56 5456 5971 547 6402 7103 1380 712 2812 2453 6661 6484 8833 2665 6801 1802 5643 5514 310 4690 9929 5475 1903 9781 4970 7588 1534 1850 5211 9837 8433 6852 5943 1351 6260 6227 2370 1918 8495 8760 6501 3798 1126 9423 6162 8361 1638 6299 6738 9017 6214 675 2944 5990 4673 4257
11 2025 7134 1051 5402 3514 8542 4334 3651 6047 1541 5949 1046 4723 8324 8947 4928 7040 1993 1985 2463 745 5294 9297 1550 6816 9505 1025 5387 1670 8269 1176 7864 3791 7683 3058 824 6955 2654 8499 8560 8636 7409 3958 106 56 5456 5971 547 6402 7103 1380 712 2812 2453 6661 6484 8833 2665 6801 1802 5643 5514 310 4690 9929 5475 1903 9781 4970 7588 1534 1850 5211 9837 8433 6852 5943 1351 6260 6227 2370 1918 8495 8760 6501 3798 1126 9423 6162 8361 1638 6299 6738 9017 6214 675 2944 5990 4673 4257
12 2025 7134 1051 5402 3514 8542 4334 3651 6047 1541 5949 1046 4723 8324 8947 4928 7040 1993 1985 2463 745 5294 9297 1550 6816 9505 1025 5387 1670 8269 1176 7864 3791 7683 3058 824 6955 2654 8499 8560 8636 7409 3958 106 56 5456 5971 547 6402 7103 1380 712 2812 2453 6661 6484 8833 2665 6801 1802 5643 5514 310 4690 9929 5475 1903 9781 4970 7588 1534 1850 5211 9837 8433 6852 5943 1351 6260 6227 2370 1918 8495 8760 6501 3798 1126 9423 6162 8361 1638 6299 6738 9017 6214 675 2944 5990 4673 4257
13 2025 7134 1051 5402 3514 8542 4334 3651 6047 1541 5949 1046 4723 8324 8947 4928 7040 1993 1985 2463 745 5294 9297 1550 6816 9505 1025 5387 1670 8269 1176 7864 3791 7683 3058 824 6955 2654 8499 8560 8636 7409 3958 106 56 5456 5971 547 6402 7103 1380 712 2812 2453 6661 6484 8833 2665 6801 1802 5643 5514 310 4690 9929 5475 1903 9781 4970 7588 1534 1850 5211 9837 8433 6852 5943 1351 6260 6227 2370 1918 8495 8760 6501 3798 1126 9423 6162 8361 1638 6299 6738 9017 6214 675 2944 5990 4673 4257
14 2025 7134 1051 5402 3514 8542 4334 3651 6047 1541 5949 1046 4723 8324 8947 4928 7040 1993 1985 2463 745 5294 9297 1550 6816 9505 1025 5387 1670 8269 1176 7864 3791 7683 3058 824 6955 2654 8499 8560 8636 7409 3958 106 56 5456 5971 547 6402 7103 1380 712 2812 2453 6661 6484 8833 2665 6801 1802 5643 5514 310 4690 9929 5475 1903 9781 4970 7588 1534 1850 5211 9837 8433 6852 5943 1351 6260 6227 2370 1918 8495 8760 6501 3798 1126 9423 6162 8361 1638 6299 6738 9017 6214 675 2944 5990 4673 4257
15 2025 7134 1051 5402 3514 8542 4334 3651 6047 1541 5949 1046 4723 8324 8947 4928 7040 1993 1985 2463 745 5294 9297 1550 6816 9505 1025 5387 1670 8269 1176 7864 3791 7683 3058 824 6955 2654 8499 8560 8636 7409 3958 106 56 5456 5971 547 6402 7103 1380 712 2812 2453 6661 6484 8833 2665 6801 1802 5643 5514 310 4690 9929 5475 1903 9781 4970 7588 1534 1850 5211 9837 8433 6852 5943 1351 6260 6227 2370 1918 8495 8760 6501 3798 1126 9423 6162 8361 1638 6299 6738 9017 6214 675 2944 5990 4673 4257
16 2025 7134 1051 5402 3514 8542 4334 3651 6047 1541 5949 1046 4723 8324 8947 4928 7040 1993 1985 2463 745 5294 9297 1550 6816 9505 1025 5387 1670 8269 1176 7864 3791 7683 3058 824 6955 2654 8499 8560 8636 7409 3958 106 56 5456 5971 547 6402 7103 1380 712 2812 2453 6661 6484 8833 2665 6801 1802 5643 5514 310 4690 9929 5475 1903 9781 4970 7588 1534 1850 5211 9837 8433 6852 5943 1351 6260 6227 2370 1918 8495 8760 6501 3798 1126 9423 6162 8361 1638 6299 6738 9017 6214 675 2944 5990 4673 4257
17 2025 7134 1051 5402 3514 8542 4334 3651 6047 1541 5949 1046 4723 8324 8947 4928 7040 1993 1985 2463 745 5294 9297 1550 6816 9505 1025 5387 1670 8269 1176 7864 3791 7683 3058 824 6955 2654 8499 8560 8636 7409 3958 106 56 5456 5971 547 6402 7103 1380 712 2812 2453 6661 6484 8833 2665 6801 1802 5643 5514 310 4690 9929 5475 1903 9781 4970 7588 1534 1850 5211 9837 8433 6852 5943 1351 6260 6227 2370 1918 8495 8760 6501 3798 1126 9423 6162 8361 1638 6299 6738 9017 6214 675 2944 5990 4673 4257
18 2025 7134 1051 5402 3514 8542 4334 3651 6047 1541 5949 1046 4723 8324 8947 4928 7040 1993 1985 2463 745 5294 9297 1550 6816 9505 1025 5387 1670 8269 1176 7864 3791 7683 3058 824 6955 2654 8499 8560 8636 7409 3958 106 56 5456 5971 547 6402 7103 1380 712 2812 2453 6661 6484 8833 2665 6801 1802 5643 5514 310 4690 9929 5475 1903 9781 4970 7588 1534 1850 5211 9837 8433 6852 5943 1351 6260 6227 2370 1918 8495 8760 6501 3798 1126 9423 6162 8361 1638 6299 6738 9017 6214 675 2944 5990 4673 4257
19 2025 7134 1051 5402 3514 8542 4334 3651 6047 1541 5949 1046 4723 8324 8947 4928 7040 1993 1985 2463 745 5294 9297 1550 6816 9505 1025 5387 1670 8269 1176 7864 3791 7683 3058 824 6955 2654 8499 8560 8636 7409 3958 106 56 5456 5971 547 6402 7103 1380 712 2812 2453 6661 6484 8833 2665 6801 1802 5643 5514 310 4690 9929 5475 1903 9781 4970 7588 1534 1850 5211 9837 8433 6852 5943 1351 6260 6227 2370 1918 8495 8760 6501 3798 1126 9423 6162 8361 1638 6299 6738 9017 6214 675 2944 5990 4673 4257
20 2025 7134 1051 5402 3514 8542 4334 3651 6047 1541 5949 1046 4723 8324 8947 4928 7040 1993 1985 2463 745 5294 9297 1550 6816 9505 1025 5387 1670 8269 1176 7864 3791 7683 3058 824 6955 2654 8499 8560 8636 7409 3958 106 56 5456 5971 547 6402 7103 1380 712 2812 2453 6661 6484 8833 2665 6801 1802 5643 5514 310 4690 9929 5475 1903 9781 4970 7588 1534 1850 5211 9837 8433 6852 5943 1351 6260 6227 2370 1918 8495 8760 6501 3798 1126 9423 6162 8361 1638 6299 6738 9017 6214 675 2944 5990 4673 4257
21 2025 7134 1051 5402 3514 8542 4334 3651 6047 1541 5949 1046 4723 8324 8947 4928 7040 1993 1985 2463 745 5294 9297 1550 6816 9505 1025 5387 1670 8269 1176 7864 3791 7683 3058 824 6955 2654 8499 8560 8636 7409 3958 106 56 5456 5971 547 6402 7103 1380 712 2812 2453 6661 6484 8833 2665 6801 1802 5643 5514 310 4690 9929 5475 1903 9781 4970 7588 1534 1850 5211 9837 8433 6852 5943 1351 6260 6227 2370 1918 8495 8760 6501 3798 1126 9423 6162 8361 1638 6299 6738 9017 6214 675 2944 5990 4673 4257
22 2025 7134 1051 5402 3514 8542 4334 3651 6047 1541 5949 1046 4723 8324 8947 4928 7040 1993 1985 2463 745 5294 9297 1550 6816 9505 1025 5387 1670 8269 1176 7864 3791 7683 3058 824 6955 2654 8499 8560 8636 7409 3958 106 56 5456 5971 547 6402 7103 1380 712 2812 2453 6661 6484 8833 2665 6801 1802 5643 5514 310 4690 9929 5475 1903 9781 4970 7588 1534 1850 5211 9837 8433 6852 5943 1351 6260 6227 2370 1918 8495 8760 6501 3798 1126 9423 6162 8361 1638 6299 6738 9017 6214 675 2944 5990 4673 4257
23 2025 7134 1051 5402 3514 8542 4334 3651 6047 1541 5949 1046 4723 8324 8947 4928 7040 1993 1985 2463 745 5294 9297 1550 6816 9505 1025 5387 1670 8269 1176 7864 3791 7683 3058 824 6955 2654 8499 8560 8636 7409 3958 106 56 5456 5971 547 6402 7103 1380 712 2812 2453 6661 6484 8833 2665 6801 1802 5643 5514 310 4690 9929 5475 1903 9781 4970 7588 1534 1850 5211 9837 8433 6852 5943 1351 6260 6227 2370 1918 8495 8760 6501 3798 1126 9423 6162 8361 1638 6299 6738 9017 6214 675 2944 5990 4673 4257
24 2025 7134 1051 5402 3514 8542 4334 3651 6047 1541 5949 1046 4723 8324 8947 4928 7040 1993 1985 2463 745 5294 9297 1550 6816 9505 1025 5387 1670 8269 1176 7864 3791 7683 3058 824 6955 2654 8499 8560 8636 7409 3958 106 56 5456 5971 547 6402 7103 1380 712 2812 2453 6661 6484 8833 2665 6801 1802 5643 5514 310 4690 9929 5475 1903 9781 4970 7588 1534 1850 5211 9837 8433 6852 5943 1351 6260 6227 2370 1918 8495 8760 6501 3798 1126 9423 6162 8361 1638 6299 6738 9017 6214 675 2944 5990 4673 4257
25 2025 7134 1051 5402 3514 8542 4334 3651 6047 1541 5949 1046 4723 8324 8947 4928 7040 1993 1985 2463 745 5294 9297 1550 6816 9505 1025 5387 1670 8269 1176 7864 3791 7683 3058 824 6955 2654 8499 8560 8636 7409 3958 106 56 5456 5971 547 6402 7103 1380 712 2812 2453 6661 6484 8833 2665 6801 1802 5643 5514 310 4690 9929 5475 1903 9781 4970 7588 1534 1850 5211 9837 8433 6852 5943 1351 6260 6227 2370 1918 8495 8760 6501 3798 1126 9423 6162 8361 1638 6299 6738 9017 6214 675 2944 5990 4673 4257
26 2025 7134 1051 5402 3514 8542 4334 3651 6047 1541 5949 1046 4723 8324 8947 4928 7040 1993 1985 2463 745 5294 9297 1550 6816 9505 1025 5387 1670 8269 1176 7864 3791 7683 3058 824 6955 2654 8499 8560 8636 7409 3958 106 56 5456 5971 547 6402 7103 1380 712 2812 2453 6661 6484 8833 2665 6801 1802 5643 5514 310 4690 9929 5475 1903 9781 4970 7588 1534 1850 5211 9837 8433 6852 5943 1351 6260 6227 2370 1918 8495 8760 6501 3798 1126 9423 6162 8361 1638 6299 6738 9017 6214 675 2944 5990 4673 4257
27 2025 7134 1051 5402 3514 8542 4334 3651 6047 1541 5949 1046 4723 8324 8947 4928 7040 1993 1985 2463 745 5294 9297 1550 6816 9505 1025 5387 1670 8269 1176 7864 3791 7683 3058 824 6955 2654 8499 8560 8636 7409 3958 106 56 5456 5971 547 6402 7103 1380 712 2812 2453 6661 6484 8833 2665 6801 1802 5643 5514 310 4690 9929 5475 1903 9781 4970 7588 1534 1850 5211 9837 8433 6852 5943 1351 6260 6227 2370 1918 8495 8760 6501 3798 1126 9423 6162 8361 1638 6299 6738 9017 6214 675 2944 5990 4673 4257
28 2025 7134 1051 5402 3514 8542 4334 3651 6047 1541 5949 1046 4723 8324 8947 4928 7040 1993 1985 2463 745 5294 9297 1550 6816 9505 1025 5387 1670 8269 1176 7864 3791 7683 3058 824 6955 2654 8499 8560 8636 7409 3958 106 56 5456 5971 547 6402 7103 1380 712 2812 2453 6661 6484 8833 2665 6801 1802 5643 5514 310 4690 9929 5475 1903 9781 4970 7588 1534 1850 5211 9837 8433 6852 5943 1351 6260 6227 2370 1918 8495 8760 6501 3798 1126 9423 6162 8361 1638 6299 6738 9017 6214 675 2944 5990 4673 4257
29 2025 7134 1051 5402 3514 8542 4334 3651 6047 1541 5949 1046 4723 8324 8947 4928 7040 1993 1985 2463 745 5294 9297 1550 6816 9505 1025 5387 1670 8269 1176 7864 3791 7683 3058 824 6955 2654 8499 8560 8636 7409 3958 106 56 5456 5971 547 6402 7103 1380 712 2812 2453 6661 6484 8833 2665 6801 1802 5643 5514 310 4690 9929 5475 1903 9781 4970 7588 1534 1850 5211 9837 8433 6852 5943 1351 6260 6227 2370 1918 8495 8760 6501 3798 1126 9423 6162 8361 1638 6299 6738 9017 6214 675 2944 5990 4673 4257
30 2025 7134 1051 5402 3514 8542 4334 3651 6047 1541 5949 1046 4723 8324 8947 4928 7040 1993 1985 2463 745 5294 9297 1550 6816 9505 1025 5387 1670 8269 1176 7864 3791 7683 3058 824 6955 2654 8499 8560 8636 7409 3958 106 56 5456 5971 547 6402 7103 1380 712 2812 2453 6661 6484 8833 2665 6801 1802 5643 5514 310 4690 9929 5475 1903 9781 4970 7588 1534 1850 5211 9837 8433 6852 5943 1351 6260 6227 2370 1918 8495 8760 6501 3798 1126 9423 6162 8361 1638 6299 6738 9017 6214 675 2944 5990 4673 4257
31 2025 7134 1051 5402 3514 8542 4334 3651 6047 1541 5949 1046 4723 8324 8947 4928 7040 1993 1985 2463 745 5294 9297 1550 6816 9505 1025 5387 1670 8269 1176 7864 3791 7683 3058 824 6955 2654 8499 8560 8636 7409 3958 106 56 5456 5971 547 6402 7103 1380 712 2812 2453 6661 6484 8833 2665 6801 1802 5643 5514 310 4690 9929 5475 1903 9781 4970 7588 1534 1850 5211 9837 8433 6852 5943 1351 6260 6227 2370 1918 8495 8760 6501 3798 1126 9423 6162 8361 1638 6299 6738 9017 6214 675 2944 5990 4673 4257
32 2025 7134 1051 5402 3514 8542 4334 3651 6047 1541 5949 1046 4723 8324 8947 4928 7040 1993 1985 2463 745 5294 9297 1550 6816 9505 1025 5387 1670 8269 1176 7864 3791 7683 3058 824 6955 2654 8499 8560 8636 7409 3958 106 56 5456 5971 547 6402 7103 1380 712 2812 2453 6661 6484 8833 2665 6801 1802 5643 5514 310 4690 9929 5475 1903 9781 4970 7588 1534 1850 5211 9837 8433 6852 5943 1351 6260 6227 2370 1918 8495 8760 6501 3798 1126 9423 6162 8361 1638 6299 6738 9017 6214 675 2944 5990 4673 4257
33 2025 7134 1051 5402 3514 8542 4334 3651 6047 1541 5949 1046 4723 8324 8947 4928 7040 1993 1985 2463 745 5294 9297 1550 6816 9505 1025 5387 1670 8269 1176 7864 3791 7683 3058 824 6955 2654 8499 8560 8636 7409 3958 106 56 5456 5971 547 6402 7103 1380 712 2812 2453 6661 6484 8833 2665 6801 1802 5643 5514 310 4690 9929 5475 1903 9781 4970 7588 1534 1850 5211 9837 8433 6852 5943 1351 6260 6227 2370 1918 8495 8760 6501 3798 1126 9423 6162 8361 1638 6299 6738 9017 6214 675 2944 5990 4673 4257
34 2025 7134 1051 5402 3514 8542 4334 3651 6047 1541 5949 1046 4723 8324 8947 4928 7040 1993 1985 2463 745 5294 9297 1550 6816 9505 1025 5387 1670 8269 1176 7864 3791 7683 3058 824 6955 2654 8499 8560 8636 7409 3958 106 56 5456 5971 547 6402 7103 1380 712 2812 2453 6661 6484 8833 2665 6801 1802 5643 5514 310 4690 9929 5475 1903 9781 4970 7588 1534 1850 5211 9837 8433 6852 5943 1351 6260 6227 2370 1918 8495 8760 6501 3798 1126 9423 6162 8361 1638 6299 6738 9017 6214 675 2944 5990 4673 4257
35 2025 7134 1051 5402 3514 8542 4334 3651 6047 1541 5949 1046 4723 8324 8947 4928 7040 1993 1985 2463 745 5294 9297 1550 6816 9505 1025 5387 1670 8269 1176 7864 3791 7683 3058 824 6955 2654 8499 8560 8636 7409 3958 106 56 5456 5971 547 6402 7103 1380 712 2812 2453 6661 6484 8833 2665 6801 1802 5643 5514 310 4690 9929 5475 1903 9781 4970 7588 1534 1850 5211 9837 8433 6852 5943 1351 6260 6227 2370 1918 8495 8760 6501 3798 1126 9423 6162 8361 1638 6299 6738 9017 6214 675 2944 5990 4673 4257
36 2025 7134 1051 5402 3514 8542 4334 3651 6047 1541 5949 1046 4723 8324 8947 4928 7040 1993 1985 2463 745 5294 9297 1550 6816 9505 1025 5387 1670 8269 1176 7864 3791 7683 3058 824 6955 2654 8499 8560 8636 7409 3958 106 56 5456 5971 547 6402 7103 1380 712 2812 2453 6661 6484 8833 2665 6801 1802 5643 5514 310 4690 9929 5475 1903 9781 4970 7588 1534 1850 5211 9837 8433 6852 5943 1351 6260 6227 2370 1918 8495 8760 6501 3798 1126 9423 6162 8361 1638 6299 6738 9017 6214 675 2944 5990 4673 4257
37 2025 7134 1051 5402 3514 8542 4334 3651 6047 1541 5949 1046 4723 8324 8947 4928 7040 1993 1985 2463 745 5294 9297 1550 6816 9505 1025 5387 1670 8269 1176 7864 3791 7683 3058 824 6955 2654 8499 8560 8636 7409 3958 106 56 5456 5971 547 6402 7103 1380 712 2812 2453 6661 6484 8833 2665 6801 1802 5643 5514 310 4690 9929 5475 1903 9781 4970 7588 1534 1850 5211 9837 8433 6852 5943 1351 6260 6227 2370 1918 8495 8760 6501 3798 1126 9423 6162 8361 1638 6299 6738 9017 6214 675 2944 5990 4673 4257
38 2025 7134 1051 5402 3514 8542 4334 3651 6047 1541 5949 1046 4723 8324 8947 4928 7040 1993 1985 2463 745 5294 9297 1550 6816 9505 1025 5387 1670 8269 1176 7864 3791 7683 3058 824 6955 2654 8499 8560 8636 7409 3958 106 56 5456 5971 547 6402 7103 1380 712 2812 2453 6661 6484 8833 2665 6801 1802 5643 5514 310 4690 9929 5475 1903 9781 4970 7588 1534 1850 5211 9837 8433 6852 5943 1351 6260 6227 2370 1918 8495 8760 6501 3798 1126 9423 6162 8361 1638 6299 6738 9017 6214 675 2944 5990 4673 4257
39 2025 7134 1051 5402 3514 8542 4334 3651 6047 1541 5949 1046 4723 8324 8947 4928 7040 1993 1985 2463 745 5294 9297 1550 6816 9505 1025 5387 1670 8269 1176 7864 3791 7683 3058 824 6955 2654 8499 8560 8636 7409 3958 106 56 5456 5971 547 6402 7103 1380 712 2812 2453 6661 6484 8833 2665 6801 1802 5643 5514 310 4690 9929 5475 1903 9781 4970 7588 1534 1850 5211 9837 8433 6852 5943 1351 6260 6227 2370 1918 8495 8760 6501 3798 1126 9423 6162 8361 1638 6299 6738 9017 6214 675 2944 5990 4673 4257
40 2025 7134 1051 5402 3514 8542 4334 3651 6047 1541 5949 1046 4723 8324 8947 4928 7040 1993 1985 2463 745 5294 9297 1550 6816 9505 1025 5387 1670 8269 1176 7864 3791 7683 3058 824 6955 2654 8499 8560 8636 7409 3958 106 56 5456 5971 547 6402 7103 1380 712 2812 2453 6661 6484 8833 2665 6801 1802 5643 5514 310 4690 9929 5475 1903 9781 4970 7588 1534 1850 5211 9837 8433 6852 5943 1351 6260 6227 2370 1918 8495 8760 6501 3798 1126 9423 6162 8361 1638 6299 6738 9017 6214 675 2944 5990 4673 4257
41 2025 7134 1051 5402 3514 8542 4334 3651 6047 1541 5949 1046 4723 8324 8947 4928 7040 1993 1985 2463 745 5294 9297 1550 6816 9505 1025 5387 1670 8269 1176 7864 3791 7683 3058 824 6955 2654 8499 8560 8636 7409 3958 106 56 5456 5971 547 6402 7103 1380 712 2812 2453 6661 6484 8833 2665 6801 1802 5643 5514 310 4690 9929 5475 1903 9781 4970 7588 1534 1850 5211 9837 8433 6852 5943 1351 6260 6227 2370 1918 8495 8760 6501 3798 1126 9423 6162 8361 1638 6299 6738 9017 6214 675 2944 5990 4673 4257
42 2025 7134 1051 5402 3514 8542 4334 3651 6047 1541 5949 1046 4723 8324 8947 4928 7040 1993 1985 2463 745 5294 9297 1550 6816 9505 1025 5387 1670 8269 1176 7864 3791 7683 3058 824 6955 2654 8499 8560 8636 7409 3958 106 56 5456 5971 547 6402 7103 1380 712 2812 2453 6661 6484 8833 2665 6801 1802 5643 5514 310 4690 9929 5475 1903 9781 4970 7588 1534 1850 5211 9837 8433 6852 5943 1351 6260 6227 2370 1918 8495 8760 6501 3798 1126 9423 6162 8361 1638 6299 6738 9017 6214 675 2944 5990 4673 4257
43 2025 7134 1051 5402 3514 8542 4334 3651 6047 1541 5949 1046 4723 8324 8947 4928 7040 1993 1985 2463 745 5294 9297 1550 6816 9505 1025 5387 1670 8269 1176 7864 3791 7683 3058 824 6955 2654 8499 8560 8636 7409 3958 106 56 5456 5971 547 6402 7103 1380 712 2812 2453 6661 6484 8833 2665 6801 1802 5643 5514 310 4690 9929 5475 1903 9781 4970 7588 1534 1850 5211 9837 8433 6852 5943 1351 6260 6227 2370 1918 8495 8760 6501 3798 1126 9423 6162 8361 1638 6299 6738 9017 6214 675 2944 5990 4673 4257
44 2025 7134 1051 5402 3514 8542 4334 3651 6047 1541 5949 1046 4723 8324 8947 4928 7040 1993 1985 2463 745 5294 9297 1550 6816 9505 1025 5387 1670 8269 1176 7864 3791 7683 3058 824 6955 2654 8499 8560 8636 7409 3958 106 56 5456 5971 547 6402 7103 1380 712 2812 2453 6661 6484 8833 2665 6801 1802 5643 5514 310 4690 9929 5475 1903 9781 4970 7588 1534 1850 5211 9837 8433 6852 5943 1351 6260 6227 2370 1918 8495 8760 6501 3798 1126 9423 6162 8361 1638 6299 6738 9017 6214 675 2944 5990 4673 4257
45 2025 7134 1051 5402 3514 8542 4334 3651 6047 1541 5949 1046 4723 8324 8947 4928 7040 1993 1985 2463 745 5294 9297 1550 6816 9505 1025 5387 1670 8269 1176 7864 3791 7683 3058 824 6955 2654 8499 8560 8636 7409 3958 106 56 5456 5971 547 6402 7103 1380 712 2812 2453 6661 6484 8833 2665 6801 1802 5643 5514 310 4690 9929 5475 1903 9781 4970 7588 1534 1850 5211 9837 8433 6852 5943 1351 6260 6227 2370 1918 8495 8760 6501 3798 1126 9423 6162 8361 1638 6299 6738 9017 6214 675 2944 5990 4673 4257
46 2025 7134 1051 5402 3514 8542 4334 3651 6047 1541 5949 1046 4723 8324 8947 4928 7040 1993 1985 2463 745 5294 9297 1550 6816 9505 1025 5387 1670 8269 1176 7864 3791 7683 3058 824 6955 2654 8499 8560 8636 7409 3958 106 56 5456 5971 547 6402 7103 1380 712 2812 2453 6661 6484 8833 2665 6801 1802 5643 5514 310 4690 9929 5475 1903 9781 4970 7588 1534 1850 5211 9837 8433 6852 5943 1351 6260 6227 2370 1918 8495 8760 6501 3798 1126 9423 6162 8361 1638 6299 6738 9017 6214 675 2944 5990 4673 4257
47 2025 7134 1051 5402 3514 8542 4334 3651 6047 1541 5949 1046 4723 8324 8947 4928 7040 1993 1985 2463 745 5294 9297 1550 6816 9505 1025 5387 1670 8269 1176 7864 3791 7683 3058 824 6955 2654 8499 8560 8636 7409 3958 106 56 5456 5971 547 6402 7103 1380 712 2812 2453 6661 6484 8833 2665 6801 1802 5643 5514 310 4690 9929 5475 1903 9781 4970 7588 1534 1850 5211 9837 8433 6852 5943 1351 6260 6227 2370 1918 8495 8760 6501 3798 1126 9423 6162 8361 1638 6299 6738 9017 6214 675 2944 5990 4673 4257
48 2025 7134 1051 5402 3514 8542 4334 3651 6047 1541 5949 1046 4723 8324 8947 4928 7040 1993 1985 2463 745 5294 9297 1550 6816 9505 1025 5387 1670 8269 1176 7864 3791 7683 3058 824 6955 2654 8499 8560 8636 7409 3958 106 56 5456 5971 547 6402 7103 1380 712 2812 2453 6661 6484 8833 2665 6801 1802 5643 5514 310 4690 9929 5475 1903 9781 4970 7588 1534 1850 5211 9837 8433 6852 5943 1351 6260 6227 2370 1918 8495 8760 6501 3798 1126 9423 6162 8361 1638 6299 6738 9017 6214 675 2944 5990 4673 4257
49 2025 7134 1051 5402 3514 8542 4334 3651 6047 1541 5949 1046 4723 8324 8947 4928 7040 1993 1985 2463 745 5294 9297 1550 6816 9505 1025 5387 1670 8269 1176 7864 3791 7683 3058 824 6955 2654 8499 8560 8636 7409 3958 106 56 5456 5971 547 6402 7103 1380 712 2812 2453 6661 6484 8833 2665 6801 1802 5643 5514 310 4690 9929 5475 1903 9781 4970 7588 1534 1850 5211 9837 8433 6852 5943 1351 6260 6227 2370 1918 8495 8760 6501 3798 1126 9423 6162 8361 1638 6299 6738 9017 6214 675 2944 5990 4673 4257
50 2025 7134 1051 5402 3514 8542 4334 3651 6047 1541 5949 1046 4723 8324 8947 4928 7040 1993 1985 2463 745 5294 9297 1550 6816 9505 1025 5387 1670 8269 1176 7864 3791 7683 3058 824 6955 2654 8499 8560 8636 7409 3958 106 56 5456 5971 547 6402 7103 1380 712 2812 2453 6661 6484 8833 2665 6801 1802 5643 5514 310 4690 9929 5475 1903 9781 4970 7588 1534 1850 5211 9837 8433 6852 5943 1351 6260 6227 2370 1918 8495 8760 6501 3798 1126 9423 6162 8361 1638 6299 6738 9017 6214 675 2944 5990 4673 4257
51 2025 7134 1051 5402 3514 8542 4334 3651 6047 1541 5949 1046 4723 8324 8947 4928 7040 1993 1985 2463 745 5294 9297 1550 6816 9505 1025 5387 1670 8269 1176 7864 3791 7683 3058 824 6955 2654 8499 8560 8636 7409 3958 106 56 5456 5971 547 6402 7103 1380 712 2812 2453 6661 6484 8833 2665 6801 1802 5643 5514 310 4690 9929 5475 1903 9781 4970 7588 1534 1850 5211 9837 8433 6852 5943 1351 6260 6227 2370 1918 8495 8760 6501 3798 1126 9423 6162 8361 1638 6299 6738 9017 6214 675 2944 5990 4673 4257
52 2025 7134 1051 5402 3514 8542 4334 3651 6047 1541 5949 1046 4723 8324 8947 4928 7040 1993 1985 2463 745 5294 9297 1550 6816 9505 1025 5387 1670 8269 1176 7864 3791 7683 3058 824 6955 2654 8499 8560 8636 7409 3958 106 56 5456 5971 547 6402 7103 1380 712 2812 2453 6661 6484 8833 2665 6801 1802 5643 5514 310 4690 9929 5475 1903 9781 4970 7588 1534 1850 5211 9837 8433 6852 5943 1351 6260 6227 2370 1918 8495 8760 6501 3798 1126 9423 6162 8361 1638 6299 6738 9017 6214 675 2944 5990 4673 4257
53 2025 7134 1051 5402 3514 8542 4334 3651 6047 1541 5949 1046 4723 8324 8947 4928 7040 1993 1985 2463 745 5294 9297 1550 6816 9505 1025 5387 1670 8269 1176 7864 3791 7683 3058 824 6955 2654 8499 8560 8636 7409 3958 106 56 5456 5971 547 6402 7103 1380 712 2812 2453 6661 6484 8833 2665 6801 1802 5643 5514 310 4690 9929 5475 1903 9781 4970 7588 1534 1850 5211 9837 8433 6852 5943 1351 6260 6227 2370 1918 8495 8760 6501 3798 1126 9423 6162 8361 1638 6299 6738 9017 6214 675 2944 5990 4673 4257
54 2025 7134 1051 5402 3514 8542 4334 3651 6047 1541 5949 1046 4723 8324 8947 4928 7040 1993 1985 2463 745 5294 9297 1550 6816 9505 1025 5387 1670 8269 1176 7864 3791 7683 3058 824 6955 2654 8499 8560 8636 7409 3958 106 56 5456 5971 547 6402 7103 1380 712 2812 2453 6661 6484 8833 2665 6801 1802 5643 5514 310 4690 9929 5475 1903 9781 4970 7588 1534 1850 5211 9837 8433 6852 5943 1351 6260 6227 2370 1918 8495 8760 6501 3798 1126 9423 6162 8361 1638 6299 6738 9017 6214 675 2944 5990 4673 4257
55 2025 7134 1051 5402 3514 8542 4334 3651 6047 1541 5949 1046 4723 8324 8947 4928 7040 1993 1985 2463 745 5294 9297 1550 6816 9505 1025 5387 1670 8269 1176 7864 3791 7683 3058 824 6955 2654 8499 8560 8636 7409 3958 106 56 5456 5971 547 6402 7103 1380 712 2812 2453 6661 6484 8833 2665 6801 1802 5643 5514 310 4690 9929 5475 1903 9781 4970 7588 1534 1850 5211 9837 8433 6852 5943 1351 6260 6227 2370 1918 8495 8760 6501 3798 1126 9423 6162 8361 1638 6299 6738 9017 6214 675 2944 5990 4673 4257
56 2025 7134 1051 5402 3514 8542 4334 3651 6047 1541 5949 1046 4723 8324 8947 4928 7040 1993 1985 2463 745 5294 9297 1550 6816 9505 1025 5387 1670 8269 1176 7864 3791 7683 3058 824 6955 2654 8499 8560 8636 7409 3958 106 56 5456 5971 547 6402 7103 1380 712 2812 2453 6661 6484 8833 2665 6801 1802 5643 5514 310 4690 9929 5475 1903 9781 4970 7588 1534 1850 5211 9837 8433 6852 5943 1351 6260 6227 2370 1918 8495 8760 6501 3798 1126 9423 6162 8361 1638 6299 6738 9017 6214 675 2944 5990 4673 4257
57 2025 7134 1051 5402 3514 8542 4334 3651 6047 1541 5949 1046 4723 8324 8947 4928 7040 1993 1985 2463 745 5294 9297 1550 6816 9505 1025 5387 1670 8269 1176 7864 3791 7683 3058 824 6955 2654 8499 8560 8636 7409 3958 106 56 5456 5971 547 6402 7103 1380 712 2812 2453 6661 6484 8833 2665 6801 1802 5643 5514 310 4690 9929 5475 1903 9781 4970 7588 1534 1850 5211 9837 8433 6852 5943 1351 6260 6227 2370 1918 8495 8760 6501 3798 1126 9423 6162 8361 1638 6299 6738 9017 6214 675 2944 5990 4673 4257
58 2025 7134 1051 5402 3514 8542 4334 3651 6047 1541 5949 1046 4723 8324 8947 4928 7040 1993 1985 2463 745 5294 9297 1550 6816 9505 1025 5387 1670 8269 1176 7864 3791 7683 3058 824 6955 2654 8499 8560 8636 7409 3958 106 56 5456 5971 547 6402 7103 1380 712 2812 2453 6661 6484 8833 2665 6801 1802 5643 5514 310 4690 9929 5475 1903 9781 4970 7588 1534 1850 5211 9837 8433 6852 5943 1351 6260 6227 2370 1918 8495 8760 6501 3798 1126 9423 6162 8361 1638 6299 6738 9017 6214 675 2944 5990 4673 4257
59 2025 7134 1051 5402 3514 8542 4334 3651 6047 1541 5949 1046 4723 8324 8947 4928 7040 1993 1985 2463 745 5294 9297 1550 6816 9505 1025 5387 1670 8269 1176 7864 3791 7683 3058 824 6955 2654 8499 8560 8636 7409 3958 106 56 5456 5971 547 6402 7103 1380 712 2812 2453 6661 6484 8833 2665 6801 1802 5643 5514 310 4690 9929 5475 1903 9781 4970 7588 1534 1850 5211 9837 8433 6852 5943 1351 6260 6227 2370 1918 8495 8760 6501 3798 1126 9423 6162 8361 1638 6299 6738 9017 6214 675 2944 5990 4673 4257
60 2025 7134 1051 5402 3514 8542 4334 3651 6047 1541 5949 1046 4723 8324 8947 4928 7040 1993 1985 2463 745 5294 9297 1550 6816 9505 1025 5387 1670 8269 1176 7864 3791 7683 3058 824 6955 2654 8499 8560 8636 7409 3958 106 56 5456 5971 547 6402 7103 1380 712 2812 2453 6661 6484 8833 2665 6801 1802 5643 5514 310 4690 9929 5475 1903 9781 4970 7588 1534 1850 5211 9837 8433 6852 5943 1351 6260 6227 2370 1918 8495 8760 6501 3798 1126 9423 6162 8361 1638 6299 6738 9017 6214 675 2944 5990 4673 4257
61 2025 7134 1051 5402 3514 8542 4334 3651 6047 1541 5949 1046 4723 8324 8947 4928 7040 1993 1985 2463 745 5294 9297 1550 6816 9505 1025 5387 1670 8269 1176 7864 3791 7683 3058 824 6955 2654 8499 8560 8636 7409 3958 106 56 5456 5971 547 6402 7103 1380 712 2812 2453 6661 6484 8833 2665 6801 1802 5643 5514 310 4690 9929 5475 1903 9781 4970 7588 1534 1850 5211 9837 8433 6852 5943 1351 6260 6227 2370 1918 8495 8760 6501 3798 1126 9423 6162 8361 1638 6299 6738 9017 6214 675 2944 5990 4673 4257
62 2025 7134 1051 5402 3514 8542 4334 3651 6047 1541 5949 1046 4723 8324 8947 4928 7040 1993 1985 2463 745 5294 9297 1550 6816 9505 1025 5387 1670 8269 1176 7864 3791 7683 3058 824 6955 2654 8499 8560 8636 7409 3958 106 56 5456 5971 547 6402 7103 1380 712 2812 2453 6661 6484 8833 2665 6801 1802 5643 5514 310 4690 9929 5475 1903 9781 4970 7588 1534 1850 5211 9837 8433 6852 5943 1351 6260 6227 2370 1918 8495 8760 6501 3798 1126 9423 6162 8361 1638 6299 6738 9017 6214 675 2944 5990 4673 4257
63 2025 7134 1051 5402 3514 8542 4334 3651 6047 1541 5949 1046 4723 8324 8947 4928 7040 1993 1985 2463 745 5294 9297 1550 6816 9505 1025 5387 1670 8269 1176 7864 3791 7683 3058 824 6955 2654 8499 8560 8636 7409 3958 106 56 5456 5971 547 6402 7103 1380 712 2812 2453 6661 6484 8833 2665 6801 1802 5643 5514 310 4690 9929 5475 1903 9781 4970 7588 1534 1850 5211 9837 8433 6852 5943 1351 6260 6227 2370 1918 8495 8760 6501 3798 1126 9423 6162 8361 1638 6299 6738 9017 6214 675 2944 5990 4673 4257
64 2025 7134 1051 5402 3514 8542 4334 3651 6047 1541 5949 1046 4723 8324 8947 4928 7040 1993 1985 2463 745 5294 9297 1550 6816 9505 1025 5387 1670 8269 1176 7864 3791 7683 3058 824 6955 2654 8499 8560 8636 7409 3958 106 56 5456 5971 547 6402 7103 1380 712 2812 2453 6661 6484 8833 2665 6801 1802 5643 5514 310 4690 9929 5475 1903 9781 4970 7588 1534 1850 5211 9837 8433 6852 5943 1351 6260 6227 2370 1918 8495 8760 6501 3798 1126 9423 6162 8361 1638 6299 6738 9017 6214 675 2944 5990 4673 4257
65 2025 7134 1051 5402 3514 8542 4334 3651 6047 1541 5949 1046 4723 8324 8947 4928 7040 1993 1985 2463 745 5294 9297 1550 6816 9505 1025 5387 1670 8269 1176 7864 3791 7683 3058 824 6955 2654 8499 8560 8636 7409 3958 106 56 5456 5971 547 6402 7103 1380 712 2812 2453 6661 6484 8833 2665 6801 1802 5643 5514 310 4690 9929 5475 1903 9781 4970 7588 1534 1850 5211 9837 8433 6852 5943 1351 6260 6227 2370 1918 8495 8760 6501 3798 1126 9423 6162 8361 1638 6299 6738 9017 6214 675 2944 5990 4673 4257
66 2025 7134 1051 5402 3514 8542 4334 3651 6047 1541 5949 1046 4723 8324 8947 4928 7040 1993 1985 2463 745 5294 9297 1550 6816 9505 1025 5387 1670 8269 1176 7864 3791 7683 3058 824 6955 2654 8499 8560 8636 7409 3958 106 56 5456 5971 547 6402 7103 1380 712 2812 2453 6661 6484 8833 2665 6801 1802 5643 5514 310 4690 9929 5475 1903 9781 4970 7588 1534 1850 5211 9837 8433 6852 5943 1351 6260 6227 2370 1918 8495 8760 6501 3798 1126 9423 6162 8361 1638 6299 6738 9017 6214 675 2944 5990 4673 4257
67 2025 7134 1051 5402 3514 8542 4334 3651 6047 1541 5949 1046 4723 8324 8947 4928 7040 1993 1985 2463 745 5294 9297 1550 6816 9505 1025 5387 1670 8269 1176 7864 3791 7683 3058 824 6955 2654 8499 8560 8636 7409 3958 106 56 5456 5971 547 6402 7103 1380 712 2812 2453 6661 6484 8833 2665 6801 1802 5643 5514 310 4690 9929 5475 1903 9781 4970 7588 1534 1850 5211 9837 8433 6852 5943 1351 6260 6227 2370 1918 8495 8760 6501 3798 1126 9423 6162 8361 1638 6299 6738 9017 6214 675 2944 5990 4673 4257
68 2025 7134 1051 5402 3514 8542 4334 3651 6047 1541 5949 1046 4723 8324 8947 4928 7040 1993 1985 2463 745 5294 9297 1550 6816 9505 1025 5387 1670 8269 1176 7864 3791 7683 3058 824 6955 2654 8499 8560 8636 7409 3958 106 56 5456 5971 547 6402 7103 1380 712 2812 2453 6661 6484 8833 2665 6801 1802 5643 5514 310 4690 9929 5475 1903 9781 4970 7588 1534 1850 5211 9837 8433 6852 5943 1351 6260 6227 2370 1918 8495 8760 6501 3798 1126 9423 6162 8361 1638 6299 6738 9017 6214 675 2944 5990 4673 4257
69 2025 7134 1051 5402 3514 8542 4334 3651 6047 1541 5949 1046 4723 8324 8947 4928 7040 1993 1985 2463 745 5294 9297 1550 6816 9505 1025 5387 1670 8269 1176 7864 3791 7683 3058 824 6955 2654 8499 8560 8636 7409 3958 106 56 5456 5971 547 6402 7103 1380 712 2812 2453 6661 6484 8833 2665 6801 1802 5643 5514 310 4690 9929 5475 1903 9781 4970 7588 1534 1850 5211 9837 8433 6852 5943 1351 6260 6227 2370 1918 8495 8760 6501 3798 1126 9423 6162 8361 1638 6299 6738 9017 6214 675 2944 5990 4673 4257
70 2025 7134 1051 5402 3514 8542 4334 3651 6047 1541 5949 1046 4723 8324 8947 4928 7040 1993 1985 2463 745 5294 9297 1550 6816 9505 1025 5387 1670 8269 1176 7864 3791 7683 3058 824 6955 2654 8499 8560 8636 7409 3958 106 56 5456 5971 547 6402 7103 1380 712 2812 2453 6661 6484 8833 2665 6801 1802 5643 5514 310 4690 9929 5475 1903 9781 4970 7588 1534 1850 5211 9837 8433 6852 5943 1351 6260 6227 2370 1918 8495 8760 6501 3798 1126 9423 6162 8361 1638 6299 6738 9017 6214 675 2944 5990 4673 4257
71 2025 7134 1051 5402 3514 8542 4334 3651 6047 1541 5949 1046 4723 8324 8947 4928 7040 1993 1985 2463 745 5294 9297 1550 6816 9505 1025 5387 1670 8269 1176 7864 3791 7683 3058 824 6955 2654 8499 8560 8636 7409 3958 106 56 5456 5971 547 6402 7103 1380 712 2812 2453 6661 6484 8833 2665 6801 1802 5643 5514 310 4690 9929 5475 1903 9781 4970 7588 1534 1850 5211 9837 8433 6852 5943 1351 6260 6227 2370 1918 8495 8760 6501 3798 1126 9423 6162 8361 1638 6299 6738 9017 6214 675 2944 5990 4673 4257
72 2025 7134 1051 5402 3514 8542 4334 3651 6047 1541 5949 1046 4723 8324 8947 4928 7040 1993 1985 2463 745 5294 9297 1550 6816 9505 1025 5387 1670 8269 1176 7864 3791 7683 3058 824 6955 2654 8499 8560 8636 7409 3958 106 56 5456 5971 547 6402 7103 1380 712 2812 2453 6661 6484 8833 2665 6801 1802 5643 5514 310 4690 9929 5475 1903 9781 4970 7588 1534 1850 5211 9837 8433 6852 5943 1351 6260 6227 2370 1918 8495 8760 6501 3798 1126 9423 6162 8361 1638 6299 6738 9017 6214 675 2944 5990 4673 4257
73 2025 7134 1051 5402 3514 8542 4334 3651 6047 1541 5949 1046 4723 8324 8947 4928 7040 1993 1985 2463 745 5294 9297 1550 6816 9505 1025 5387 1670 8269 1176 7864 3791 7683 3058 824 6955 2654 8499 8560 8636 7409 3958 106 56 5456 5971 547 6402 7103 1380 712 2812 2453 6661 6484 8833 2665 6801 1802 5643 5514 310 4690 9929 5475 1903 9781 4970 7588 1534 1850 5211 9837 8433 6852 5943 1351 6260 6227 2370 1918 8495 8760 6501 3798 1126 9423 6162 8361 1638 6299 6738 9017 6214 675 2944 5990 4673 4257
74 2025 7134 1051 5402 3514 8542 4334 3651 6047 1541 5949 1046 4723 8324 8947 4928 7040 1993 1985 2463 745 5294 9297 1550 6816 9505 1025 5387 1670 8269 1176 7864 3791 7683 3058 824 6955 2654 8499 8560 8636 7409 3958 106 56 5456 5971 547 6402 7103 1380 712 2812 2453 6661 6484 8833 2665 6801 1802 5643 5514 310 4690 9929 5475 1903 9781 4970 7588 1534 1850 5211 9837 8433 6852 5943 1351 6260 6227 2370 1918 8495 8760 6501 3798 1126 9423 6162 8361 1638 6299 6738 9017 6214 675 2944 5990 4673 4257
75 2025 7134 1051 5402 3514 8542 4334 3651 6047 1541 5949 1046 4723 8324 8947 4928 7040 1993 1985 2463 745 5294 9297 1550 6816 9505 1025 5387 1670 8269 1176 7864 3791 7683 3058 824 6955 2654 8499 8560 8636 7409 3958 106 56 5456 5971 547 6402 7103 1380 712 2812 2453 6661 6484 8833 2665 6801 1802 5643 5514 310 4690 9929 5475 1903 9781 4970 7588 1534 1850 5211 9837 8433 6852 5943 1351 6260 6227 2370 1918 8495 8760 6501 3798 1126 9423 6162 8361 1638 6299 6738 9017 6214 675 2944 5990 4673 4257
76 2025 7134 1051 5402 3514 8542 4334 3651 6047 1541 5949 1046 4723 8324 8947 4928 7040 1993 1985 2463 745 5294 9297 1550 6816 9505 1025 5387 1670 8269 1176 7864 3791 7683 3058 824 6955 2654 8499 8560 8636 7409 3958 106 56 5456 5971 547 6402 7103 1380 712 2812 2453 6661 6484 8833 2665 6801 1802 5643 5514 310 4690 9929 5475 1903 9781 4970 7588 1534 1850 5211 9837 8433 6852 5943 1351 6260 6227 2370 1918 8495 8760 6501 3798 1126 9423 6162 8361 1638 6299 6738 9017 6214 675 2944 5990 4673 4257
77 2025 7134 1051 5402 3514 8542 4334 3651 6047 1541 5949 1046 4723 8324 8947 4928 7040 1993 1985 2463 745 5294 9297 1550 6816 9505 1025 5387 1670 8269 1176 7864 3791 7683 3058 824 6955 2654 8499 8560 8636 7409 3958 106 56 5456 5971 547 6402 7103 1380 712 2812 2453 6661 6484 8833 2665 6801 1802 5643 5514 310 4690 9929 5475 1903 9781 4970 7588 1534 1850 5211 9837 8433 6852 5943 1351 6260 6227 2370 1918 8495 8760 6501 3798 1126 9423 6162 8361 1638 6299 6738 9017 6214 675 2944 5990 4673 4257
78 2025 7134 1051 5402 3514 8542 4334 3651 6047 1541 5949 1046 4723 8324 8947 4928 7040 1993 1985 2463 745 5294 9297 1550 6816 9505 1025 5387 1670 8269 1176 7864 3791 7683 3058 824 6955 2654 8499 8560 8636 7409 3958 106 56 5456 5971 547 6402 7103 1380 712 2812 2453 6661 6484 8833 2665 6801 1802 5643 5514 310 4690 9929 5475 1903 9781 4970 7588 1534 1850 5211 9837 8433 6852 5943 1351 6260 6227 2370 1918 8495 8760 6501 3798 1126 9423 6162 8361 1638 6299 6738 9017 6214 675 2944 5990 4673 4257
79 2025 7134 1051 5402 3514 8542 4334 3651 6047 1541 5949 1046 4723 8324 8947 4928 7040 1993 1985 2463 745 5294 9297 1550 6816 9505 1025 5387 1670 8269 1176 7864 3791 7683 3058 824 6955 2654 8499 8560 8636 7409 3958 106 56 5456 5971 547 6402 7103 1380 712 2812 2453 6661 6484 8833 2665 6801 1802 5643 5514 310 4690 9929 5475 1903 9781 4970 7588 1534 1850 5211 9837 8433 6852 5943 1351 6260 6227 2370 1918 8495 8760 6501 3798 1126 9423 6162 8361 1638 6299 6738 9017 6214 675 2944 5990 4673 4257
80 2025 7134 1051 5402 3514 8542 4334 3651 6047 1541 5949 1046 4723 8324 8947 4928 7040 1993 1985 2463 745 5294 9297 1550 6816 9505 1025 5387 1670 8269 1176 7864 3791 7683 3058 824 6955 2654 8499 8560 8636 7409 3958 106 56 5456 5971 547 6402 7103 1380 712 2812 2453 6661 6484 8833 2665 6801 1802 5643 5514 310 4690 9929 5475 1903 9781 4970 7588 1534 1850 5211 9837 8433 6852 5943 1351 6260 6227 2370 1918 8495 8760 6501 3798 1126 9423 6162 8361 1638 6299 6738 9017 6214 675 2944 5990 4673 4257
81 2025 7134 1051 5402 3514 8542 4334 3651 6047 1541 5949 1046 4723 8324 8947 4928 7040 1993 1985 2463 745 5294 9297 1550 6816 9505 1025 5387 1670 8269 1176 7864 3791 7683 3058 824 6955 2654 8499 8560 8636 7409 3958 106 56 5456 5971 547 6402 7103 1380 712 2812 2453 6661 6484 8833 2665 6801 1802 5643 5514 310 4690 9929 5475 1903 9781 4970 7588 1534 1850 5211 9837 8433 6852 5943 1351 6260 6227 2370 1918 8495 8760 6501 3798 1126 9423 6162 8361 1638 6299 6738 9017 6214 675 2944 5990 4673 4257
82 2025 7134 1051 5402 3514 8542 4334 3651 6047 1541 5949 1046 4723 8324 8947 4928 7040 1993 1985 2463 745 5294 9297 1550 6816 9505 1025 5387 1670 8269 1176 7864 3791 7683 3058 824 6955 2654 8499 8560 8636 7409 3958 106 56 5456 5971 547 6402 7103 1380 712 2812 2453 6661 6484 8833 2665 6801 1802 5643 5514 310 4690 9929 5475 1903 9781 4970 7588 1534 1850 5211 9837 8433 6852 5943 1351 6260 6227 2370 1918 8495 8760 6501 3798 1126 9423 6162 8361 1638 6299 6738 9017 6214 675 2944 5990 4673 4257
83 2025 7134 1051 5402 3514 8542 4334 3651 6047 1541 5949 1046 4723 8324 8947 4928 7040 1993 1985 2463 745 5294 9297 1550 6816 9505 1025 5387 1670 8269 1176 7864 3791 7683 3058 824 6955 2654 8499 8560 8636 7409 3958 106 56 5456 5971 547 6402 7103 1380 712 2812 2453 6661 6484 8833 2665 6801 1802 5643 5514 310 4690 9929 5475 1903 9781 4970 7588 1534 1850 5211 9837 8433 6852 5943 1351 6260 6227 2370 1918 8495 8760 6501 3798 1126 9423 6162 8361 1638 6299 6738 9017 6214 675 2944 5990 4673 4257
84 2025 7134 1051 5402 3514 8542 4334 3651 6047 1541 5949 1046 4723 8324 8947 4928 7040 1993 1985 2463 745 5294 9297 1550 6816 9505 1025 5387 1670 8269 1176 7864 3791 7683 3058 824 6955 2654 8499 8560 8636 7409 3958 106 56 5456 5971 547 6402 7103 1380 712 2812 2453 6661 6484 8833 2665 6801 1802 5643 5514 310 4690 9929 5475 1903 9781 4970 7588 1534 1850 5211 9837 8433 6852 5943 1351 6260 6227 2370 1918 8495 8760 6501 3798 1126 9423 6162 8361 1638 6299 6738 9017 6214 675 2944 5990 4673 4257
85 2025 7134 1051 5402 3514 8542 4334 3651 6047 1541 5949 1046 4723 8324 8947 4928 7040 1993 1985 2463 745 5294 9297 1550 6816 9505 1025 5387 1670 8269 1176 7864 3791 7683 3058 824 6955 2654 8499 8560 8636 7409 3958 106 56 5456 5971 547 6402 7103 1380 712 2812 2453 6661 6484 8833 2665 6801 1802 5643 5514 310 4690 9929 5475 1903 9781 4970 7588 1534 1850 5211 9837 8433 6852 5943 1351 6260 6227 2370 1918 8495 8760 6501 3798 1126 9423 6162 8361 1638 6299 6738 9017 6214 675 2944 5990 4673 4257
86 2025 7134 1051 5402 3514 8542 4334 3651 6047 1541 5949 1046 4723 8324 8947 4928 7040 1993 1985 2463 745 5294 9297 1550 6816 9505 1025 5387 1670 8269 1176 7864 3791 7683 3058 824 6955 2654 8499 8560 8636 7409 3958 106 56 5456 5971 547 6402 7103 1380 712 2812 2453 6661 6484 8833 2665 6801 1802 5643 5514 310 4690 9929 5475 1903 9781 4970 7588 1534 1850 5211 9837 8433 6852 5943 1351 6260 6227 2370 1918 8495 8760 6501 3798 1126 9423 6162 8361 1638 6299 6738 9017 6214 675 2944 5990 4673 4257
87 2025 7134 1051 5402 3514 8542 4334 3651 6047 1541 5949 1046 4723 8324 8947 4928 7040 1993 1985 2463 745 5294 9297 1550 6816 9505 1025 5387 1670 8269 1176 7864 3791 7683 3058 824 6955 2654 8499 8560 8636 7409 3958 106 56 5456 5971 547 6402 7103 1380 712 2812 2453 6661 6484 8833 2665 6801 1802 5643 5514 310 4690 9929 5475 1903 9781 4970 7588 1534 1850 5211 9837 8433 6852 5943 1351 6260 6227 2370 1918 8495 8760 6501 3798 1126 9423 6162 8361 1638 6299 6738 9017 6214 675 2944 5990 4673 4257
88 2025 7134 1051 5402 3514 8542 4334 3651 6047 1541 5949 1046 4723 8324 8947 4928 7040 1993 1985 2463 745 5294 9297 1550 6816 9505 1025 5387 1670 8269 1176 7864 3791 7683 3058 824 6955 2654 8499 8560 8636 7409 3958 106 56 5456 5971 547 6402 7103 1380 712 2812 2453 6661 6484 8833 2665 6801 1802 5643 5514 310 4690 9929 5475 1903 9781 4970 7588 1534 1850 5211 9837 8433 6852 5943 1351 6260 6227 2370 1918 8495 8760 6501 3798 1126 9423 6162 8361 1638 6299 6738 9017 6214 675 2944 5990 4673 4257
89 2025 7134 1051 5402 3514 8542 4334 3651 6047 1541 5949 1046 4723 8324 8947 4928 7040 1993 1985 2463 745 5294 9297 1550 6816 9505 1025 5387 1670 8269 1176 7864 3791 7683 3058 824 6955 2654 8499 8560 8636 7409 3958 106 56 5456 5971 547 6402 7103 1380 712 2812 2453 6661 6484 8833 2665 6801 1802 5643 5514 310 4690 9929 5475 1903 9781 4970 7588 1534 1850 5211 9837 8433 6852 5943 1351 6260 6227 2370 1918 8495 8760 6501 3798 1126 9423 6162 8361 1638 6299 6738 9017 6214 675 2944 5990 4673 4257
90 2025 7134 1051 5402 3514 8542 4334 3651 6047 1541 5949 1046 4723 8324 8947 4928 7040 1993 1985 2463 745 5294 9297 1550 6816 9505 1025 5387 1670 8269 1176 7864 3791 7683 3058 824 6955 2654 8499 8560 8636 7409 3958 106 56 5456 5971 547 6402 7103 1380 712 2812 2453 6661 6484 8833 2665 6801 1802 5643 5514 310 4690 9929 5475 1903 9781 4970 7588 1534 1850 5211 9837 8433 6852 5943 1351 6260 6227 2370 1918 8495 8760 6501 3798 1126 9423 6162 8361 1638 6299 6738 9017 6214 675 2944 5990 4673 4257
91 2025 7134 1051 5402 3514 8542 4334 3651 6047 1541 5949 1046 4723 8324 8947 4928 7040 1993 1985 2463 745 5294 9297 1550 6816 9505 1025 5387 1670 8269 1176 7864 3791 7683 3058 824 6955 2654 8499 8560 8636 7409 3958 106 56 5456 5971 547 6402 7103 1380 712 2812 2453 6661 6484 8833 2665 6801 1802 5643 5514 310 4690 9929 5475 1903 9781 4970 7588 1534 1850 5211 9837 8433 6852 5943 1351 6260 6227 2370 1918 8495 8760 6501 3798 1126 9423 6162 8361 1638 6299 6738 9017 6214 675 2944 5990 4673 4257
92 2025 7134 1051 5402 3514 8542 4334 3651 6047 1541 5949 1046 4723 8324 8947 4928 7040 1993 1985 2463 745 5294 9297 1550 6816 9505 1025 5387 1670 8269 1176 7864 3791 7683 3058 824 6955 2654 8499 8560 8636 7409 3958 106 56 5456 5971 547 6402 7103 1380 712 2812 2453 6661 6484 8833 2665 6801 1802 5643 5514 310 4690 9929 5475 1903 9781 4970 7588 1534 1850 5211 9837 8433 6852 5943 1351 6260 6227 2370 1918 8495 8760 6501 3798 1126 9423 6162 8361 1638 6299 6738 9017 6214 675 2944 5990 4673 4257
93 2025 7134 1051 5402 3514 8542 4334 3651 6047 1541 5949 1046 4723 8324 8947 4928 7040 1993 1985 2463 745 5294 9297 1550 6816 9505 1025 5387 1670 8269 1176 7864 3791 7683 3058 824 6955 2654 8499 8560 8636 7409 3958 106 56 5456 5971 547 6402 7103 1380 712 2812 2453 6661 6484 8833 2665 6801 1802 5643 5514 310 4690 9929 5475 1903 9781 4970 7588 1534 1850 5211 9837 8433 6852 5943 1351 6260 6227 2370 1918 8495 8760 6501 3798 1126 9423 6162 8361 1638 6299 6738 9017 6214 675 2944 5990 4673 4257
94 2025 7134 1051 5402 3514 8542 4334 3651 6047 1541 5949 1046 4723 8324 8947 4928 7040 1993 1985 2463 745 5294 9297 1550 6816 9505 1025 5387 1670 8269 1176 7864 3791 7683 3058 824 6955 2654 8499 8560 8636 7409 3958 106 56 5456 5971 547 6402 7103 1380 712 2812 2453 6661 6484 8833 2665 6801 1802 5643 5514 310 4690 9929 5475 1903 9781 4970 7588 1534 1850 5211 9837 8433 6852 5943 1351 6260 6227 2370 1918 8495 8760 6501 3798 1126 9423 6162 8361 1638 6299 6738 9017 6214 675 2944 5990 4673 4257
95 2025 7134 1051 5402 3514 8542 4334 3651 6047 1541 5949 1046 4723 8324 8947 4928 7040 1993 1985 2463 745 5294 9297 1550 6816 9505 1025 5387 1670 8269 1176 7864 3791 7683 3058 824 6955 2654 8499 8560 8636 7409 3958 106 56 5456 5971 547 6402 7103 1380 712 2812 2453 6661 6484 8833 2665 6801 1802 5643 5514 310 4690 9929 5475 1903 9781 4970 7588 1534 1850 5211 9837 8433 6852 5943 1351 6260 6227 2370 1918 8495 8760 6501 3798 1126 9423 6162 8361 1638 6299 6738 9017 6214 675 2944 5990 4673 4257
96 2025 7134 1051 5402 3514 8542 4334 3651 6047 1541 5949 1046 4723 8324 8947 4928 7040 1993 1985 2463 745 5294 9297 1550 6816 9505 1025 5387 1670 8269 1176 7864 3791 7683 3058 824 6955 2654 8499 8560 8636 7409 3958 106 56 5456 5971 547 6402 7103 1380 712 2812 2453 6661 6484 8833 2665 6801 1802 5643 5514 310 4690 9929 5475 1903 9781 4970 7588 1534 1850 5211 9837 8433 6852 5943 1351 6260 6227 2370 1918 8495 8760 6501 3798 1126 9423 6162 8361 1638 6299 6738 9017 6214 675 2944 5990 4673 4257
97 2025 7134 1051 5402 3514 8542 4334 3651 6047 1541 5949 1046 4723 8324 8947 4928 7040 1993 1985 2463 745 5294 9297 1550 6816 9505 1025 5387 1670 8269 1176 7864 3791 7683 3058 824 6955 2654 8499 8560 8636 7409 3958 106 56 5456 5971 547 6402 7103 1380 712 2812 2453 6661 6484 8833 2665 6801 1802 5643 5514 310 4690 9929 5475 1903 9781 4970 7588 1534 1850 5211 9837 8433 6852 5943 1351 6260 6227 2370 1918 8495 8760 6501 3798 1126 9423 6162 8361 1638 6299 6738 9017 6214 675 2944 5990 4673 4257
98 2025 7134 1051 5402 3514 8542 4334 3651 6047 1541 5949 1046 4723 8324 8947 4928 7040 1993 1985 2463 745 5294 9297 1550 6816 9505 1025 5387 1670 8269 1176 7864 3791 7683 3058 824 6955 2654 8499 8560 8636 7409 3958 106 56 5456 5971 547 6402 7103 1380 712 2812 2453 6661 6484 8833 2665 6801 1802 5643 5514 310 4690 9929 5475 1903 9781 4970 7588 1534 1850 5211 9837 8433 6852 5943 1351 6260 6227 2370 1918 8495 8760 6501 3798 1126 9423 6162 8361 1638 6299 6738 9017 6214 675 2944 5990 4673 4257
99 2025 7134 1051 5402 3514 8542 4334 3651 6047 1541 5949 1046 4723 8324 8947 4928 7040 1993 1985 2463 745 5294 9297 1550 6816 9505 1025 5387 1670 8269 1176 7864 3791 7683 3058 824 6955 2654 8499 8560 8636 7409 3958 106 56 5456 5971 547 6402 7103 1380 712 2812 2453 6661 6484 8833 2665 6801 1802 5643 5514 310 4690 9929 5475 1903 9781 4970 7588 1534 1850 5211 9837 8433 6852 5943 1351 6260 6227 2370 1918 8495 8760 6501 3798 1126 9423 6162 8361 1638 6299 6738 9017 6214 675 2944 5990 4673 4257
