100
0 9 14 19 102 155 9517 896 995 1110 1242 1369 1522 1656 1725 2045 2076 2322 2659 2899 3054 3457 3652 4266 4460 4568 4829 5631 6092 6134 6160 6266 6915 8381 9054 9557
1 159 9 23 15 8 74 62 11 30 19 28 199 176 138 1572 3198 1290 1089 1287 1327 1388 1420 1632 1943 2061 2270 2572 2902 3185 3747 3961 4864 5247 5367 6422 6628 7292 7597 9356 9903
2 9 27 8 65 28 69 120 126 138 3244 176 184 193 253 356 389 731 737 797 940 985 1070 1437 1604 1756 2208 2264 3057 3199 3756 3818 4102 4291 5554 5661 5985 5990 7984 8402 8528 8719 9915
3 161 13 19 447 73 60 37 20 16 112 21 715 147 11 271 95 5 8 121 82 28 229 725 1888 2258 3179 3622 5286 6163 7636 7776 7977 8466 8801 9138 9710 9906
4 229 18 45 1 47 91 0 79 30 514 170 239 308 38 53 16 106 43 29 13 60 23 26 50 174 5 173 131 120 126 2818 859
5 20 35 37 97 15 44 11 7 16 19 61 22 28 65 8 155 1310 245 439 650 694 747 1173 1283 1590 1743 2234 2491 3131 3598 3878 4089 4908 8480
6 27 44 58 9 28 7 8 19 82 121 120 3244 280 348 395 482 655 869 1122 1184 1221 1310 1502 1597 1601 1791 1862 2371 2612 3379 3887 4336 4881 4917 6178 7742 8834 9778
7 54 11 55 35 107 102 15 56 21 92 19 9 7 155 583 1310 2264 1290 288 992 1189 1223 1332 1452 1704 1762 1896 1959 2169 2205 2285 2735 2768 3041 3600 6684
8 53 51 1 50 54 16 240 105 12 40 13 32 35 30 4 83 7 126 33 546 151 178 43 72 65 60 45 485 1290 3626 5530 6938
9 16 19 9 38 69 44 56 11 21 13 7 468 84 120 6729 164 510 727 749 1093 1398 1554 1723 1878 2359 2726 2797 4390 5200 5243 6513 7878 9350
10 19 0 72 38 23 86 22 2 3 26 8 15 18 41 5 7 160 138 20 139 44 9 27 120 193 2848 372 824 915 957 1275 1483 1707 2432 2590 2905 4106 6045
11 41 22 23 28 5 55 38 19 30 11 2 65 7 21 139 15 72 27 120 3975 1671 216 256 542 805 825 1011 1183 1429 2104 2852 2948 3182 4034 7559 7607 8605 8992
12 2 9 23 22 13 137 20 6 117 44 88 83 8 5 21 62 27 3756 1502 274 728 884 1401 2148 2159 3581 3635 4514 5595 5894 7037 7929 9246 9817 9837
13 13 45 50 70 21 35 109 101 1 6 27 25 1271 124 107 11 83 46 249 36 2 129 131 17 15 567 2464 393 186 47 128 44 252 126 176 1482 1951 2264
14 35 49 185 143 73 51 121 36 349 0 1 224 25 32 2 54 65 3 4 475 38 101 22 11 148 290 6604 1104 2126 3255 5850
15 11 92 8 7 19 9 27 21 45 69 14 138 126 155 63 84 112 157 290 316 329 330 331 404 480 632 709 901 1263 1270 1571 2707 3082 4273 5041 6668 9957
16 170 36 63 167 659 73 288 20 256 1754 28 6 184 56 131 102 19 9 948 107 1315 621 2058 2166 2767 3309 3502 4371 4473 4597 5484 6097 7390 8262 8365 8938 9225 9543
17 5893 178 19 28 86 44 66 70 55 94 23 150 42 85 3 9 30 76 257 40 36 237 31 5 33 209 38 1396 63 60 731 138 6049 3025
18 56 18 286 5 8 6 22 15 2 37 35 356 204 11 152 187 38 879 231 23 26 189 4 120 69 708 2416 2589 2992 3233 3539 4302 6256 6622 6909 9076 9611
19 55 47 32 8 11 16 19 14 9 25 298 23 253 65 22 38 54 35 2 20 27 69 355 708 764 1524 2018 2023 3046 4483 5926 6087 9053 9314 9867
20 8 57 27 148 1052 19 21 7 907 120 1290 583 1225 1771 2150 2849 3052 3172 3286 3346 3533 4265 4605 4956 5514 5887 6095 6373 6651 6852 7966 8364 9519 9634 9755 9825
21 21 44 15 11 107 35 37 8 38 27 19 69 96 252 120 138 2848 310 403 636 1152 1292 1350 1540 1809 1981 2376 3158 3262 3880 4247 6115 7242 7382 8817 9677
22 21 27 78 44 15 19 72 23 7 161 61 8 139 9 58 14 37 253 69 224 2848 859 82 236 268 303 476 501 583 909 1132 1770 4520 4609 5110 6379 6404 6539 7293 7355 7508 9081 9425 9715
23 35 11 21 44 36 4 25 22 27 50 70 17 2 31 32 23 139 65 95 24 55 253 38 66 19 58 126 138 3244 410 1119 1450 2227 3839 6726 7284 8909
24 104 15 21 22 4 3 28 23 70 24 42 9 16 27 61 30 20 8 19 5 96 11 583 2264 426 550 1151 2168 2492 2956 3012 3416 3741 7086 7373 9154
25 109 227 27 129 37 2587 68 69 19 140 393 2 12 31 86 380 101 35 186 147 16 36 47 44 6 24 17 11 83 199 15 5 138 1482 2264 4724 7322
26 66 8 42 59 12 60 15 19 27 11 86 6 7 21 23 38 30 37 120 1290 3975 449 1019 1210 1218 1779 1967 2288 2297 2401 3133 9017 9569
27 7 45 16 70 15 11 21 151 82 17 30 28 54 6 69 35 41 72 65 126 2848 228 409 443 487 619 739 919 1954 2116 2627 3692 4510 4854 5780 8423
28 0 3 148 64 22 2 144 9 58 60 32 51 35 88 264 42 41 121 14 114 7 44 20 57 82 164 653 836 1583 1665 1917 2048 2385 6481 7501 9897
29 3 71 35 2 44 131 4 49 36 30 48 76 153 13 19 32 89 25 62 112 73 329 20 110 57 41 138 2153 442 793 966 1149 1697 6992
30 3 9 25 44 19 43 10 14 20 69 256 41 67 51 0 150 163 40 94 18 110 22 38 55 16 102 2 27 63 62 28 148 625 1610 1933 4801 8740
31 105 26 40 29 16 7 19 37 11 8 83 28 22 15 119 82 9 199 69 554 138 7624 3097 5921 187 776 1106 1159 1734 1753 2582 3180 3359 4009 5626 5803 8131 8795
32 28 65 9 69 900 3975 5921 549 999 1031 1200 1284 1780 2134 2402 2486 2614 2717 2819 3071 3398 3428 3470 3489 3613 3807 4061 4099 4157 4364 4607 5051 5483 6049 6378 6979 8988 8993 9351
33 9 102 28 65 8 63 120 2848 961 1793 2214 2274 2383 2425 2444 2521 2547 2858 3198 3248 3455 3514 3774 3931 4820 5101 5395 5465 5754 6086 6698 7585 7832 8751 9365 9933
34 121 9 27 57 69 78 148 1290 1343 2153 2248 2504 2713 2823 2915 3240 4023 4310 4728 4817 4977 5038 5312 5862 6265 6291 6523 6577 6762 7774 8183 8311 8541 9824 9886 9975
35 8973 272 419 297 1959 88 123 646 42 6137 9957 35 7718 235 3236 1752 7970 259 476 2239 483 1074 1909 5221 6012 344 4164 471 529 836 316 14 19 138 5511
36 406 39 163 8 26 105 280 11 66 15 25 99 49 0 107 119 24 36 13 4 85 469 1080 35 71 168 120 554 1290 176 1797 2506
37 20 35 15 26 24 8 45 18 48 11 4 56 90 6 88 30 60 19 41 158 13 84 5 184 28 152 120 121 681 1095 1222 1508 1772 1921 3471 3500 4282 8660 8890
38 68 37 147 121 40 20 13 125 73 161 66 28 141 29 170 253 120 54 257 99 60 293 19 3 907 447 10 112 42 36 14 179 8 96 77 82 252 1671 138 3097
39 335 56 18 22 156 42 30 7 247 179 88 79 322 46 110 136 337 74 102 96 99 38 47 250 1 55 23 97 1954 138 1671 1101 2077 5895
40 16 18 6 42 53 68 43 13 34 210 23 31 38 20 21 27 19 4 47 11 30 41 63 25 37 5 24 106 8 28 138 2818 1502 972 2442 4421 4849
41 16 27 20 48 26 12 54 18 38 53 137 17 50 21 62 9 60 40 11 15 24 69 4 28 6 13 119 121 45 44 83 37 2848 3975 382 665 910 1568 3135 5982
42 38 32 18 20 119 172 44 13 17 78 41 23 284 35 69 5 88 30 331 63 432 19 27 9 138 155 1263 943 2291 3061 3585 4186 5011 5772 5860 5973 7360 8929 9388 9504
43 72 37 9 23 4 20 124 412 76 65 52 100 55 70 11 257 28 59 15 60 6 42 66 54 111 18 67 47 8 27 69 138 2848 1951 1876 6126 7112
44 25 48 43 16 9 69 38 3 4 6 18 8 146 63 30 27 95 14 40 41 19 44 35 2 92 256 78 187 15 28 309 7 671 708 370 742 1826 2698 2983 6169 7594 8966
45 2 15 18 8 42 16 23 156 135 11 38 37 20 27 309 44 21 7 138 554 6729 708 120 121 252 332 861 1195 1412 1510 1881 2090 2170 2721 3319 4226 4625 9382
46 22 88 15 11 14 5 44 140 20 103 55 69 8 166 708 138 2848 2591 196 777 1155 1692 1972 2142 3264 3677 4148 4686 5402 5460 5996 6366 6654 7408 8706 9731 9902
47 27 23 17 54 15 13 6 16 45 14 29 35 18 1 32 139 109 47 57 10 2 90 129 0 65 58 56 70 37 8 126 2264 517 1085 4795 5248
48 7 27 9 19 8 28 224 252 138 2060 1790 1812 2140 2955 3477 3684 4022 4103 4403 4497 4696 4799 4814 4895 5031 5209 5448 5725 5843 6337 6604 7007 7674 7868 8430 8835 9894
49 19 63 69 28 7 61 8 121 229 1671 1937 2304 2972 3062 3190 3493 4018 4035 4131 4164 4289 4358 4613 4765 6018 6452 6986 7537 7677 7709 7827 8019 8450 8643 9713
50 15 69 44 30 140 19 14 7 102 28 61 121 126 301 164 3244 1482 1599 1674 2106 2513 2872 3139 3363 3475 3870 3970 4115 4225 4309 4982 5295 6534 6959 7087 7624 8558 8739 9285 9502
51 9234 8783 6 23 4705 597 4606 288 966 9 22 2410 63 159 725 1989 2420 383 1224 3586 198 5 70 14 1417 3824 197 5031 977 2613 2826 3722 4433 4946 5501 5612 6877 7694 8986 9610
52 16 498 38 30 5 18 418 244 310 41 397 68 47 145 67 133 48 868 26 120 23 170 951 63 14 296 0 24 2 211 106 10 8 27 4226 1502 7055
53 20 3 4 70 8 12 9 216 40 6 72 73 51 48 13 23 79 42 55 30 92 60 11 41 2 62 54 110 121 138 948 534 1077 4478 7064 7791 8162
54 17 27 20 2 38 37 44 35 16 22 14 115 82 62 88 137 119 90 78 23 280 69 19 199 138 468 451 1330 2316 2325 2400 2666 3934 4787 4837 6572 7110 8219 9146 9848
55 8 88 146 44 9 15 65 117 28 138 3110 166 175 572 720 900 1334 1408 1587 2033 2449 4052 4650 5285 5352 5603 6478 6809 6887 7018 7125 7370 8147 8759 9765
56 3 25 44 24 38 47 2 128 21 20 23 250 9 7 66 108 184 58 154 19 181 22 40 52 120 28 121 135 1954 3244 3756 948 2650 2746 2832 3698 5795
57 38 69 45 25 43 13 54 131 32 4 46 27 35 30 55 17 2 91 11 33 62 49 60 16 5 422 63 708 3975 484 566 1877 2348 3831 7918
58 32 13 3 11 1 88 18 23 15 22 69 51 41 47 144 4 38 8 2 40 73 9 70 128 49 42 78 121 16 17 161 21 137 138 869 1290 850 6486
59 65 21 323 769 75 1011 111 203 31 725 8601 6408 3843 6238 225 2187 1429 64 22 1728 11 1264 1566 216 2295 2479 902 127 82 189 2980 762 1412 58 585 2060 977
60 38 115 18 130 65 16 0 122 4 2 235 60 143 5 212 21 37 22 54 27 26 69 121 3 47 310 35 19 78 138 2848 6729 1131 1607 1617 2089 4112
61 38 12 60 4 26 48 50 42 45 56 20 43 146 25 51 213 69 40 2 54 104 22 11 422 5 35 62 72 120 138 2649 2976 5751 7120
62 25 19 6 34 7 16 92 69 151 10 64 3 248 24 31 21 8 9 29 1 117 17 75 13 90 195 95 20 27 58 107 164 356 583 7624 1310 3459 5672
63 147 8 7 16 86 19 9 21 26 14 255 168 45 92 13 24 119 30 41 11 44 138 2291 155 1495 1290 3097 976 2467 3111 3112 3991 4636 6730 7121 7892 8200 8897 9616 9990
64 8 9 63 62 158 72 27 69 7 1290 1671 1737 679 873 1384 1930 2177 2238 2433 2591 2705 2930 3211 3483 3497 4342 5150 5526 6165 6290 6769 7048 7518 7712 8034 8271 8309 9584 9993
65 27 14 69 65 131 121 155 708 138 1263 432 815 849 967 1385 1491 1679 1768 2085 2200 2431 3348 3410 3527 3642 3976 4188 4594 4848 4978 5721 6515 7042 7753 8761 9301 9559
66 11 13 82 23 61 27 21 37 55 119 15 229 14 63 252 138 1671 3097 684 803 1413 1951 2047 2185 3142 3284 3525 3700 3806 4072 4350 4804 5336 5902 6644 7658 8802 9888
67 27 37 65 9 58 28 7 8 78 102 155 1290 494 800 977 979 1171 1365 1495 1520 1564 1929 2503 2700 3389 3767 4028 4768 5391 5643 5705 6138 6238 6882 7104 7108 8080 8139 8215 8316 9194
68 2 24 11 58 37 23 52 279 243 20 62 21 79 9 15 8 236 138 554 1502 1215 1428 1436 1537 1714 2112 2216 2487 2973 3293 5350 5667 7850 8911 8947 9360 9779
69 63 47 8 6 69 24 142 25 43 26 75 28 35 22 38 13 186 62 9 80 209 145 111 10 162 107 11 1935 109 512 708 1482 1671 6165 2120 2744 4276 5876
70 20 44 76 69 38 53 28 54 81 83 48 132 42 5 142 18 73 11 62 121 176 138 6729 3975 3244 2848 365 626 843 1020 1113 1217 2780 5264 6021 9372 9479
71 68 105 77 37 40 2 101 89 54 30 7 31 75 66 114 225 8 29 28 19 13 52 17 164 120 3097 1671 983 1470 1634 2020 2477 5447
72 216 65 2 38 54 72 20 4 84 79 55 24 25 42 36 6 5 45 50 46 37 121 11 51 131 69 7 28 112 138 1384 890 1144 1558 1872 2261 4448 5205
73 3 33 9 69 72 70 40 32 50 4 16 11 163 30 250 12 17 10 71 28 44 92 23 31 38 65 52 21 19 468 176 2060 686 2201 3826 6188
74 66 10 19 6 54 38 28 16 37 163 25 2 31 51 9 44 5 84 21 27 138 2848 3097 811 1084 1304 1667 2300 2816 3759 4221 4429 5346
75 25 29 13 8 62 54 10 57 45 17 19 16 69 129 21 20 28 37 9 155 2264 3097 454 971 1073 1702 1841 2448 2616 2963 3676 3833 4834 8734 9718
76 22 5 35 60 27 65 38 14 16 54 30 15 61 79 21 20 28 121 900 2060 495 1836 3279 3323 3408 3849 3992 5313 5415 5427 5805 5817 6402 8095 8245 9317
77 8733 244 433 81 4138 5350 21 207 161 2 1130 1593 651 2657 173 134 499 24 2517 76 168 273 16 2942 222 19 447 217 635 1407 78 8466 6745 1888 3591 426
78 23 29 10 21 9 13 42 83 45 67 47 15 58 1 16 38 12 8 17 44 4 18 25 34 53 70 20 145 65 138 2818 1801 1925 3994 7995
79 19 21 12 13 5 25 0 62 87 88 60 55 35 36 20 8 22 61 9 224 16 7 27 238 355 485 138 2848 1671 371 782 1041 1280 1557 2533 3215 4281 5069 5241 7378
80 69 28 65 120 1572 968 1004 1065 1423 1834 1914 2063 2229 2427 2560 2728 3106 3239 3540 4317 4507 4863 5268 5546 6347 6652 7389 8040 9335 9649 9947
81 11 19 8 9 120 38 5 21 15 27 74 69 14 355 63 138 554 1671 662 823 1750 2500 2604 2757 2922 3549 3631 3890 4109 4841 5091 5668 5778 6831 7117 7727 7734 9086 9593
82 36 3 20 55 120 38 2 58 52 54 60 42 100 247 56 22 25 12 9 63 184 61 47 41 21 5 8 114 110 96 131 253 37 7 138 28 968 1671 621 914 1303 1615 2967 3827
83 49 19 69 11 38 5 17 84 15 16 22 30 60 13 55 28 120 27 859 138 1850 2890 3975 4178 4219 4704 5959 5974 6005 6439 7315 8465 9040 9374
84 15 8 9 58 21 7 27 28 57 19 1737 2264 204 229 647 1078 1256 1258 1745 1989 2701 3008 3222 3412 3543 4347 4432 4909 5133 6024 6375 7270 7908 9047 9469 9518
85 31 18 187 8 78 123 19 95 15 5 158 21 88 23 157 22 121 56 544 38 355 139 938 1756 138 2848 6729 2562 2667 3024 3456 3714 5349 6304 6718 7401 7876 9304 9529
86 8 38 2 21 16 30 22 9 45 14 41 11 15 63 138 708 1502 7055 145 211 267 599 879 1153 1294 1468 1591 1757 1847 2175 2374 3526 4537 5773 6279 9514 9657 9892
87 8 13 3 25 19 179 36 26 15 66 50 2 43 5 42 72 69 257 20 38 21 56 22 92 18 30 41 142 62 74 166 176 9 120 708 3299 3372 6407 7301
88 47 25 21 42 19 92 7 38 6 120 1 3 27 4 36 95 50 11 35 90 250 160 113 24 60 66 2 161 86 869 4171 554 138 3244 2212 2674 9358
89 11 16 12 21 178 22 27 64 24 23 53 10 81 6 1 180 70 161 3 65 50 99 47 140 36 15 139 268 1495 1154 1733 3137 4311
90 42 7 27 43 19 21 35 34 38 184 4 60 17 9 90 6 83 14 331 12 18 5 32 92 23 78 57 96 44 137 88 120 138 1290 3244 1263 2153 1016 1052 3977 4551 5552 6012
91 338 47 2477 68 663 644 7 61 0 327 164 60 114 2 42 184 139 46 55 19 39 97 281 228 4 22 70 52 6 426 17 104 71 133 120 84 2492 2591 3244 138
92 42 3 50 179 30 8 34 120 86 20 1 13 24 2 22 11 31 36 19 18 60 69 38 9 97 176 1958 3097 1737 611 1673 2958 4313 4366 9199
93 39 406 187 49 36 71 59 107 15 42 6 60 131 11 4 25 67 13 50 35 126 66 56 122 8 152 27 26 160 12 18 114 138 3706 4319
94 43 11 217 114 18 55 16 402 12 332 1 80 8 31 15 32 77 26 21 218 1506 10 19 53 22 104 318 25 7 148 554 138 820 4657
95 119 18 50 54 66 58 103 84 85 37 16 27 25 59 26 15 28 132 73 19 9 29 69 34 60 41 200 11 75 45 138 152 62 65 155 1068 2865 5442 5564
96 131 28 7 37 8 72 9 120 138 2818 968 1502 197 609 1584 1766 2003 2060 2067 2198 3424 3591 3923 3999 4288 4656 4813 5482 6369 6459 6744 7055 7151 8094 8454 8728 8955 9572 9927
97 72 69 7 131 8 9 30 21 27 28 120 14 63 356 138 2889 1077 1263 1737 927 1174 1395 1868 2573 2653 3102 3295 3667 3964 4142 4301 4500 4525 5276 5381 5582 5708 5712 6051 6102 6361 6845 7116 7291 9542 9691
98 55 11 82 28 61 229 120 56 15 44 5 23 22 19 37 20 139 1671 3097 1090 1736 1792 2039 2110 2827 3517 4314 5394 5409 6201 6932 7022 7347 8349 8546 9155 9874
99 21 8 38 30 15 7 19 11 27 178 62 120 252 3975 637 867 1023 1612 2478 2639 3110 3206 3697 4090 4397 4487 4818 4869 5851 5936 6228 6385 7234 7869 7959 9447
